Integrated approach/envi/bathymetry_Morbihan_crop_finale.asc
NCOLS 700 
NROWS 339 
XLLCORNER 69.699583261 
YLLCORNER -49.6595 
CELLSIZE 0.000999999999999984 
NODATA_value -3.4e+38 
[rows 273 to 293 of 339, columns 336 to 383 of 700]
-1.33500897884369 -1.2870329618454 -1.36807203292847 -1.42052614688873 -1.43807077407837 -1.41831636428833 -1.36426293849945 -1.46070086956024 -1.51978158950806 -1.53992569446564 -1.52407574653625 -1.47753274440765 -1.58257710933685 -1.64937543869019 -1.67385971546173 -1.65830433368683 -1.61212289333344 -1.72473931312561 -1.81641817092896 -1.88863289356232 -1.94718909263611 -1.98225784301758 -2.03469657897949 -2.10166358947754 -2.18539214134216 -2.16390442848206 -3.4e+38 -3.4e+38 -3.4e+38 -3.4e+38 -3.4e+38 -3.4e+38 -3.4e+38 -3.4e+38 -3.4e+38 -3.4e+38 -3.4e+38 -3.4e+38 -3.4e+38 -3.4e+38 -3.4e+38 -3.4e+38 -3.4e+38 -3.4e+38 -3.4e+38 -3.4e+38 -3.4e+38 -3.4e+38
-1.31808948516846 -1.30704391002655 -1.34959816932678 -1.38824987411499 -1.40682935714722 -1.40394330024719 -1.39454007148743 -1.4434107542038 -1.48323953151703 -1.49982786178589 -1.4955712556839 -1.48865377902985 -1.54373216629028 -1.59364855289459 -1.62180399894714 -1.62983524799347 -1.63585662841797 -1.70755004882812 -1.78251802921295 -1.84756517410278 -1.90209817886353 -1.94784474372864 -2.00124263763428 -2.06169819831848 -2.12326002120972 -2.15015363693237 -2.17573666572571 -3.4e+38 -3.4e+38 -3.4e+38 -3.4e+38 -3.4e+38 -3.4e+38 -3.4e+38 -3.4e+38 -3.4e+38 -3.4e+38 -3.4e+38 -3.4e+38 -3.4e+38 -3.4e+38 -3.4e+38 -3.4e+38 -3.4e+38 -3.4e+38 -3.4e+38 -3.4e+38 -3.4e+38
-1.31652247905731 -1.31876504421234 -1.34588408470154 -1.37720561027527 -1.39924275875092 -1.40987229347229 -1.41950488090515 -1.44730532169342 -1.47336494922638 -1.48525357246399 -1.48675918579102 -1.49239861965179 -1.52469277381897 -1.56273412704468 -1.59370970726013 -1.61782896518707 -1.64670097827911 -1.70037603378296 -1.76129055023193 -1.81755375862122 -1.86727917194366 -1.9130482673645 -1.96199774742126 -2.01442742347717 -2.06724047660828 -2.11594152450562 -2.17603349685669 -2.19546270370483 -2.12426328659058 -2.07705545425415 -3.4e+38 -3.4e+38 -3.4e+38 -3.4e+38 -3.4e+38 -3.4e+38 -3.4e+38 -3.4e+38 -3.4e+38 -3.4e+38 -3.4e+38 -3.4e+38 -3.4e+38 -3.4e+38 -3.4e+38 -3.4e+38 -3.4e+38 -3.4e+38
-1.31606113910675 -1.31735587120056 -1.34389591217041 -1.37689614295959 -1.403764128685 -1.42107021808624 -1.43489170074463 -1.45810878276825 -1.47643399238586 -1.48327887058258 -1.48079919815063 -1.48256969451904 -1.50746691226959 -1.54138267040253 -1.57482612133026 -1.60641169548035 -1.64195585250854 -1.69124448299408 -1.7443904876709 -1.79498863220215 -1.83980011940002 -1.8806414604187 -1.92295432090759 -1.96654415130615 -2.00905799865723 -2.04885601997375 -2.08841037750244 -2.11299204826355 -2.12426328659058 -2.07705545425415 -2.04477167129517 -3.4e+38 -3.4e+38 -3.4e+38 -3.4e+38 -3.4e+38 -3.4e+38 -3.4e+38 -3.4e+38 -3.4e+38 -3.4e+38 -3.4e+38 -3.4e+38 -3.4e+38 -3.4e+38 -3.4e+38 -3.4e+38 -3.4e+38
-1.3157411813736 -1.3039470911026 -1.34540641307831 -1.38983559608459 -1.42241764068604 -1.43986773490906 -1.44842350482941 -1.47717344760895 -1.49466240406036 -1.49297881126404 -1.47682738304138 -1.4618227481842 -1.49149179458618 -1.52853274345398 -1.56358909606934 -1.59577703475952 -1.63014245033264 -1.68207991123199 -1.73439252376556 -1.78056979179382 -1.82026124000549 -1.85474038124084 -1.89108371734619 -1.92589998245239 -1.95651710033417 -1.98020434379578 -1.99795925617218 -2.02025413513184 -2.02505970001221 -1.99572002887726 -1.96605277061462 -1.98721837997437 -2.06775593757629 -3.4e+38 -3.4e+38 -3.4e+38 -3.4e+38 -3.4e+38 -3.4e+38 -3.4e+38 -3.4e+38 -3.4e+38 -3.4e+38 -3.4e+38 -3.4e+38 -3.4e+38 -3.4e+38 -3.4e+38
-1.3287957906723 -1.28205323219299 -1.36185240745544 -1.42533111572266 -1.46566891670227 -1.48086071014404 -1.47010970115662 -1.51766347885132 -1.53615140914917 -1.52397739887238 -1.48635077476501 -1.4336017370224 -1.48386418819427 -1.52828621864319 -1.56461274623871 -1.59412598609924 -1.61802268028259 -1.67995488643646 -1.7343487739563 -1.77835154533386 -1.81230616569519 -1.83772659301758 -1.87093615531921 -1.89836049079895 -1.9182665348053 -1.92597246170044 -1.91891098022461 -1.94816184043884 -1.95395660400391 -1.93033957481384 -1.8853075504303 -1.83888697624207 -2.02655696868896 -2.07076144218445 -1.99566769599915 -3.4e+38 -3.4e+38 -3.4e+38 -3.4e+38 -3.4e+38 -3.4e+38 -3.4e+38 -3.4e+38 -3.4e+38 -3.4e+38 -3.4e+38 -3.4e+38 -3.4e+38
-1.40122592449188 -1.39300096035004 -1.43975162506104 -1.49579954147339 -1.54430937767029 -1.57705116271973 -1.59227156639099 -1.61510801315308 -1.61460399627686 -1.58792090415955 -1.54591751098633 -1.50795567035675 -1.51879918575287 -1.54703259468079 -1.5812246799469 -1.61630415916443 -1.65225899219513 -1.70232963562012 -1.74972009658813 -1.78940868377686 -1.82057392597198 -1.84446287155151 -1.86812853813171 -1.88688039779663 -1.90033793449402 -1.90625596046448 -1.90685677528381 -1.91785538196564 -1.91789150238037 -1.90210056304932 -1.87767291069031 -1.87013697624207 -1.95154678821564 -1.9887261390686 -1.99566769599915 -1.92948365211487 -3.4e+38 -3.4e+38 -3.4e+38 -3.4e+38 -3.4e+38 -3.4e+38 -3.4e+38 -3.4e+38 -3.4e+38 -3.4e+38 -3.4e+38 -3.4e+38
-1.47869396209717 -1.49068832397461 -1.52561676502228 -1.57981038093567 -1.64316773414612 -1.69875836372375 -1.73124861717224 -1.74289739131927 -1.72119319438934 -1.67053973674774 -1.61309218406677 -1.56749713420868 -1.55149674415588 -1.56566596031189 -1.60166656970978 -1.64405453205109 -1.68743848800659 -1.73374605178833 -1.77616715431213 -1.81087589263916 -1.83770930767059 -1.85808825492859 -1.87421798706055 -1.88706016540527 -1.89494681358337 -1.89917898178101 -1.90057444572449 -1.90296268463135 -1.89949643611908 -1.88828074932098 -1.87461841106415 -1.87337493896484 -1.90245866775513 -1.91898488998413 -1.91534042358398 -1.88480746746063 -1.89699459075928 -1.87853038311005 -1.90742194652557 -1.95027911663055 -3.4e+38 -3.4e+38 -3.4e+38 -3.4e+38 -3.4e+38 -3.4e+38 -3.4e+38 -3.4e+38
-1.54641997814178 -1.577223777771 -1.60051262378693 -1.66075336933136 -1.74820041656494 -1.83677506446838 -1.88472366333008 -1.89625823497772 -1.85093998908997 -1.76099443435669 -1.67635333538055 -1.61239838600159 -1.56578493118286 -1.57171988487244 -1.61887788772583 -1.67332208156586 -1.72282898426056 -1.77145946025848 -1.8115553855896 -1.84132528305054 -1.86183142662048 -1.87621092796326 -1.88653779029846 -1.89290452003479 -1.89675188064575 -1.89757633209229 -1.89592099189758 -1.89339685440063 -1.88740396499634 -1.87686562538147 -1.86415553092957 -1.85733985900879 -1.8647438287735 -1.86884260177612 -1.86103057861328 -1.84470248222351 -1.84822630882263 -1.87853038311005 -1.90742194652557 -1.95027911663055 -2.01443266868591 -3.4e+38 -3.4e+38 -3.4e+38 -3.4e+38 -3.4e+38 -3.4e+38 -3.4e+38
-1.61781656742096 -1.69324541091919 -1.67136311531067 -1.72758781909943 -1.83957171440125 -1.96736145019531 -2.02212905883789 -2.05682134628296 -1.99222683906555 -1.85329055786133 -1.75310492515564 -1.69182944297791 -1.58405244350433 -1.57055163383484 -1.64007663726807 -1.71088373661041 -1.76239085197449 -1.81832826137543 -1.85851788520813 -1.88213348388672 -1.89372134208679 -1.89859914779663 -1.90276503562927 -1.90406370162964 -1.90274167060852 -1.89961731433868 -1.8941957950592 -1.88786649703979 -1.87892508506775 -1.86605763435364 -1.84906053543091 -1.83284997940063 -1.83405447006226 -1.83214259147644 -1.81943905353546 -1.79643750190735 -1.78193521499634 -1.82424426078796 -1.86947464942932 -1.92279362678528 -1.99904751777649 -2.03185081481934 -3.4e+38 -3.4e+38 -3.4e+38 -3.4e+38 -3.4e+38 -3.4e+38
-3.4e+38 -3.4e+38 -3.4e+38 -3.4e+38 -3.4e+38 -3.4e+38 -3.4e+38 -2.06913900375366 -3.4e+38 -3.4e+38 -3.4e+38 -3.4e+38 -3.4e+38 -3.4e+38 -1.69390332698822 -1.77713465690613 -1.81734180450439 -1.88518273830414 -1.92157006263733 -1.93489241600037 -1.93373787403107 -1.92534613609314 -1.92295289039612 -1.91928279399872 -1.91363167762756 -1.90556955337524 -1.89559245109558 -1.88776206970215 -1.8759937286377 -1.85979866981506 -1.83640038967133 -1.80572390556335 -1.81328678131104 -1.81050229072571 -1.79238224029541 -1.75495672225952 -1.70137429237366 -1.77518129348755 -1.8312726020813 -1.8670699596405 -1.87651109695435 -1.83517813682556 -2.04940319061279 -3.4e+38 -3.4e+38 -3.4e+38 -3.4e+38 -3.4e+38
-3.4e+38 -3.4e+38 -3.4e+38 -3.4e+38 -3.4e+38 -3.4e+38 -3.4e+38 -3.4e+38 -3.4e+38 -3.4e+38 -3.4e+38 -3.4e+38 -3.4e+38 -3.4e+38 -3.4e+38 -3.4e+38 -1.96838116645813 -1.99437212944031 -2.00467777252197 -1.99849390983582 -1.98178887367249 -1.96185851097107 -1.94758939743042 -1.93758165836334 -1.92807984352112 -1.91803121566772 -1.90630483627319 -1.89575433731079 -1.88165163993835 -1.86475718021393 -1.84457349777222 -1.82415390014648 -1.81834542751312 -1.80971705913544 -1.79381144046783 -1.77023911476135 -1.75137090682983 -1.78435897827148 -1.82083368301392 -1.84595715999603 -1.85798680782318 -1.8703978061676 -1.9804515838623 -2.06961917877197 -3.4e+38 -3.4e+38 -3.4e+38 -3.4e+38
-3.4e+38 -3.4e+38 -3.4e+38 -3.4e+38 -3.4e+38 -3.4e+38 -3.4e+38 -3.4e+38 -3.4e+38 -3.4e+38 -3.4e+38 -3.4e+38 -3.4e+38 -3.4e+38 -3.4e+38 -3.4e+38 -3.4e+38 -3.4e+38 -2.07402229309082 -2.05419826507568 -2.02446484565735 -1.99233400821686 -1.97082233428955 -1.95561027526855 -1.94359374046326 -1.93228030204773 -1.92073929309845 -1.90772986412048 -1.89456391334534 -1.87791764736176 -1.8598370552063 -1.84303164482117 -1.83129167556763 -1.8203911781311 -1.80755233764648 -1.79456806182861 -1.78840804100037 -1.80343735218048 -1.82293701171875 -1.84121060371399 -1.85814452171326 -1.88615524768829 -1.95390200614929 -2.02477312088013 -2.00407886505127 -1.9467499256134 -3.4e+38 -3.4e+38
-3.4e+38 -3.4e+38 -3.4e+38 -3.4e+38 -3.4e+38 -3.4e+38 -3.4e+38 -3.4e+38 -3.4e+38 -3.4e+38 -3.4e+38 -3.4e+38 -3.4e+38 -3.4e+38 -3.4e+38 -3.4e+38 -3.4e+38 -3.4e+38 -3.4e+38 -3.4e+38 -2.00434231758118 -2.00440287590027 -1.98617792129517 -1.97188568115234 -1.95897686481476 -1.9469838142395 -1.93556320667267 -1.92386746406555 -1.91004800796509 -1.89578545093536 -1.87978744506836 -1.86355519294739 -1.84921896457672 -1.83644151687622 -1.82503032684326 -1.81581330299377 -1.8121577501297 -1.81800198554993 -1.82880246639252 -1.83875620365143 -1.85074293613434 -1.87216567993164 -1.91219186782837 -1.94785392284393 -1.9445059299469 -1.9467499256134 -1.94673359394073 -3.4e+38
-3.4e+38 -3.4e+38 -3.4e+38 -3.4e+38 -3.4e+38 -3.4e+38 -3.4e+38 -3.4e+38 -3.4e+38 -3.4e+38 -3.4e+38 -3.4e+38 -3.4e+38 -3.4e+38 -3.4e+38 -3.4e+38 -3.4e+38 -3.4e+38 -3.4e+38 -3.4e+38 -3.4e+38 -2.00428152084351 -1.99489164352417 -1.98578548431396 -1.97369050979614 -1.96197080612183 -1.9505832195282 -1.93940353393555 -1.92788863182068 -1.91462647914886 -1.90055847167969 -1.88605642318726 -1.87170600891113 -1.85739898681641 -1.84465193748474 -1.83449423313141 -1.82850694656372 -1.83044219017029 -1.83398759365082 -1.83710265159607 -1.83879923820496 -1.84460091590881 -1.87243318557739 -1.89571857452393 -1.89975476264954 -1.89726161956787 -1.90743446350098 -2.01626253128052
-3.4e+38 -3.4e+38 -3.4e+38 -3.4e+38 -3.4e+38 -3.4e+38 -3.4e+38 -3.4e+38 -3.4e+38 -3.4e+38 -3.4e+38 -3.4e+38 -3.4e+38 -3.4e+38 -3.4e+38 -3.4e+38 -3.4e+38 -3.4e+38 -3.4e+38 -3.4e+38 -3.4e+38 -3.4e+38 -3.4e+38 -1.99740552902222 -1.98639595508575 -1.97585535049438 -1.96559810638428 -1.9558972120285 -1.94575357437134 -1.93495142459869 -1.9224591255188 -1.90822649002075 -1.8948860168457 -1.88127648830414 -1.86751365661621 -1.85453951358795 -1.84276711940765 -1.84322607517242 -1.84273910522461 -1.83877623081207 -1.82993221282959 -1.81547451019287 -1.84543406963348 -1.86530017852783 -1.86919176578522 -1.85786175727844 -1.84200191497803 -1.9951639175415
-3.4e+38 -3.4e+38 -3.4e+38 -3.4e+38 -3.4e+38 -3.4e+38 -3.4e+38 -3.4e+38 -3.4e+38 -3.4e+38 -3.4e+38 -3.4e+38 -3.4e+38 -3.4e+38 -3.4e+38 -3.4e+38 -3.4e+38 -3.4e+38 -3.4e+38 -3.4e+38 -3.4e+38 -3.4e+38 -3.4e+38 -3.4e+38 -1.99273681640625 -1.98766684532166 -1.97979831695557 -1.97221374511719 -1.96467566490173 -1.9564973115921 -1.94599211215973 -1.93350434303284 -1.91870665550232 -1.90513920783997 -1.89168119430542 -1.87891864776611 -1.86808478832245 -1.86234736442566 -1.85722303390503 -1.85056054592133 -1.84232234954834 -1.83581399917603 -1.84756505489349 -1.85916328430176 -1.86569547653198 -1.8709819316864 -1.89263463020325 -1.99027681350708
-3.4e+38 -3.4e+38 -3.4e+38 -3.4e+38 -3.4e+38 -3.4e+38 -3.4e+38 -3.4e+38 -3.4e+38 -3.4e+38 -3.4e+38 -3.4e+38 -3.4e+38 -3.4e+38 -3.4e+38 -3.4e+38 -3.4e+38 -3.4e+38 -3.4e+38 -3.4e+38 -3.4e+38 -3.4e+38 -3.4e+38 -3.4e+38 -3.4e+38 -3.4e+38 -1.99100208282471 -1.9868311882019 -1.98268890380859 -1.97849798202515 -1.97069191932678 -1.9594441652298 -1.94465684890747 -1.92922377586365 -1.91587328910828 -1.90361213684082 -1.89250087738037 -1.88341557979584 -1.87520921230316 -1.86707663536072 -1.85911512374878 -1.8541533946991 -1.85669350624084 -1.86212122440338 -1.8694052696228 -1.88247227668762 -1.91188716888428 -1.97509241104126
-3.4e+38 -3.4e+38 -3.4e+38 -3.4e+38 -3.4e+38 -3.4e+38 -3.4e+38 -3.4e+38 -3.4e+38 -3.4e+38 -3.4e+38 -3.4e+38 -3.4e+38 -3.4e+38 -3.4e+38 -3.4e+38 -3.4e+38 -3.4e+38 -3.4e+38 -3.4e+38 -3.4e+38 -3.4e+38 -3.4e+38 -3.4e+38 -3.4e+38 -3.4e+38 -3.4e+38 -3.4e+38 -3.4e+38 -1.99622583389282 -1.9921019077301 -1.98498404026031 -1.96852660179138 -1.95330154895782 -1.93927979469299 -1.92711234092712 -1.91608238220215 -1.90526354312897 -1.89478814601898 -1.88479220867157 -1.87547135353088 -1.86874461174011 -1.86593782901764 -1.8660786151886 -1.8700430393219 -1.88083708286285 -1.90347254276276 -1.94481694698334
-3.4e+38 -3.4e+38 -3.4e+38 -3.4e+38 -3.4e+38 -3.4e+38 -3.4e+38 -3.4e+38 -3.4e+38 -3.4e+38 -3.4e+38 -3.4e+38 -3.4e+38 -3.4e+38 -3.4e+38 -3.4e+38 -3.4e+38 -3.4e+38 -3.4e+38 -3.4e+38 -3.4e+38 -3.4e+38 -3.4e+38 -3.4e+38 -3.4e+38 -3.4e+38 -3.4e+38 -3.4e+38 -3.4e+38 -3.4e+38 -3.4e+38 -1.99575161933899 -1.98619508743286 -1.97349762916565 -1.96178042888641 -1.94982028007507 -1.93772172927856 -1.92675006389618 -1.91538953781128 -1.90379452705383 -1.8920955657959 -1.881831407547 -1.87494897842407 -1.8698194026947 -1.86715269088745 -1.86927473545074 -1.8791161775589 -1.90464639663696
-3.4e+38 -3.4e+38 -3.4e+38 -3.4e+38 -3.4e+38 -3.4e+38 -3.4e+38 -3.4e+38 -3.4e+38 -3.4e+38 -3.4e+38 -3.4e+38 -3.4e+38 -3.4e+38 -3.4e+38 -3.4e+38 -3.4e+38 -3.4e+38 -3.4e+38 -3.4e+38 -3.4e+38 -3.4e+38 -3.4e+38 -3.4e+38 -3.4e+38 -3.4e+38 -3.4e+38 -3.4e+38 -3.4e+38 -3.4e+38 -3.4e+38 -3.4e+38 -3.4e+38 -1.98942148685455 -1.9820841550827 -1.97254705429077 -1.95912134647369 -1.94726920127869 -1.9360146522522 -1.92378222942352 -1.91057562828064 -1.89618051052094 -1.88536596298218 -1.87485551834106 -1.86457109451294 -1.85492372512817 -1.84781765937805 -1.86382353305817
