Integrated approach/envi/bathymetry_Morbihan_crop_finale.asc
NCOLS 700 
NROWS 339 
XLLCORNER 69.699583261 
YLLCORNER -49.6595 
CELLSIZE 0.000999999999999984 
NODATA_value -3.4e+38 
[rows 147 to 167 of 339, columns 576 to 623 of 700]
-44.6662521362305 -44.7425651550293 -44.6463584899902 -44.9787712097168 -45.300594329834 -45.5718421936035 -45.8154907226562 -45.8029174804688 -45.7450408935547 -45.8119354248047 -45.6259918212891 -45.4333114624023 -45.2215461730957 -45.1492958068848 -44.5320167541504 -44.0063171386719 -43.6954879760742 -42.7870407104492 -42.0486221313477 -41.5599670410156 -40.741397857666 -40.1698379516602 -38.6319007873535 -37.2557945251465 -36.047794342041 -35.8383522033691 -35.6402168273926 -34.511402130127 -33.4479217529297 -32.494457244873 -30.6277160644531 -28.8122978210449 -28.6009178161621 -28.4124050140381 -28.2167148590088 -28.0608558654785 -27.7637882232666 -27.5315494537354 -27.3916854858398 -27.320873260498 -27.1813716888428 -26.8314170837402 -26.1614608764648 -25.4412040710449 -24.648567199707 -23.6938667297363 -22.9722919464111 -22.994514465332
-44.5385627746582 -44.8384475708008 -44.8381767272949 -44.9616203308105 -45.2348327636719 -45.4563598632812 -45.8157043457031 -45.8532943725586 -45.8757629394531 -46.3482780456543 -46.1000328063965 -45.9455184936523 -45.5554466247559 -45.278678894043 -44.9395446777344 -44.3655700683594 -43.9655723571777 -43.2639007568359 -42.4805908203125 -41.7840118408203 -40.9632034301758 -40.1401176452637 -38.8708229064941 -37.6760787963867 -36.6926803588867 -36.1990432739258 -35.789665222168 -34.7576904296875 -33.6898536682129 -32.5917549133301 -31.1666507720947 -29.8903617858887 -29.2534866333008 -28.8594398498535 -28.5586185455322 -28.3054847717285 -28.0263710021973 -27.7535953521729 -27.5574951171875 -27.4451713562012 -27.3722534179688 -26.8640956878662 -26.2613620758057 -25.6618537902832 -24.9164295196533 -23.4943389892578 -22.296199798584 -22.7650814056396
-45.0207443237305 -45.0655288696289 -45.0732421875 -45.1471061706543 -45.3274421691895 -45.5401802062988 -45.7979202270508 -45.9341468811035 -46.0489387512207 -46.2557029724121 -46.1525268554688 -45.9545936584473 -45.5887413024902 -45.1686973571777 -44.8033676147461 -44.2864646911621 -43.8169212341309 -43.5023193359375 -42.6818199157715 -41.8943328857422 -40.9922866821289 -40.0242042541504 -38.9190483093262 -37.9257469177246 -37.0675354003906 -36.3892860412598 -35.7510032653809 -34.8560180664062 -33.8479385375977 -32.7556495666504 -31.5694561004639 -30.5071601867676 -29.7574005126953 -29.2338180541992 -28.8383274078369 -28.5047416687012 -28.1846141815186 -27.875696182251 -27.6051788330078 -27.3742275238037 -27.1345062255859 -26.721004486084 -26.2759418487549 -25.8947563171387 -25.478630065918 -23.2603569030762 -20.8945083618164 -22.4598369598389
-45.4339408874512 -45.3267669677734 -45.2695960998535 -45.282398223877 -45.4149055480957 -45.6232528686523 -45.8558197021484 -46.0327911376953 -46.1668281555176 -46.2631492614746 -46.2006912231445 -46.0063400268555 -45.6624717712402 -45.2224388122559 -44.7346954345703 -44.1182518005371 -43.4061584472656 -43.1802673339844 -42.6433334350586 -41.9860496520996 -41.0206909179688 -39.9665069580078 -38.8655204772949 -38.0639610290527 -37.3039131164551 -36.5376434326172 -35.847900390625 -35.0175628662109 -34.0565032958984 -32.9696884155273 -31.8484649658203 -30.8411178588867 -30.0545387268066 -29.4871788024902 -29.0527534484863 -28.6765079498291 -28.313081741333 -27.9499549865723 -27.599063873291 -27.2642097473145 -26.9237365722656 -26.5339202880859 -26.1346015930176 -25.7294692993164 -25.1571102142334 -23.8813362121582 -22.7931594848633 -23.4406280517578
-45.6820335388184 -45.5051765441895 -45.3766746520996 -45.3027381896973 -45.4294738769531 -45.6806602478027 -45.9531936645508 -46.1623229980469 -46.3122291564941 -46.3877029418945 -46.3508949279785 -46.1801223754883 -45.8295669555664 -45.3576812744141 -44.8116302490234 -44.2025718688965 -43.588005065918 -43.1601638793945 -42.6296005249023 -41.9628372192383 -41.0758934020996 -40.0033340454102 -38.7537078857422 -38.2439956665039 -37.607837677002 -36.76611328125 -36.1072540283203 -35.3002471923828 -34.3670692443848 -33.2055549621582 -32.017894744873 -30.9684391021729 -30.1487998962402 -29.6129932403564 -29.2102851867676 -28.833740234375 -28.4367198944092 -28.0085678100586 -27.5710353851318 -27.1465015411377 -26.7336730957031 -26.3332099914551 -25.9630374908447 -25.6027526855469 -25.1599407196045 -24.5303974151611 -24.0902519226074 -24.3223571777344
-45.6653480529785 -45.4811058044434 -45.3087310791016 -45.1258811950684 -45.3247299194336 -45.6936416625977 -46.068920135498 -46.3147239685059 -46.5026931762695 -46.5970573425293 -46.6074523925781 -46.4986267089844 -46.103572845459 -45.5686416625977 -44.9624938964844 -44.3436660766602 -43.7562255859375 -43.265796661377 -42.7295913696289 -42.0927238464355 -41.3255577087402 -40.4445610046387 -39.4607048034668 -38.8094711303711 -38.2742576599121 -37.8327598571777 -36.637336730957 -35.6929092407227 -34.7949905395508 -33.4465866088867 -32.0795402526855 -30.9177703857422 -30.0252857208252 -29.6358203887939 -29.3507709503174 -29.0148849487305 -28.5931911468506 -28.0771102905273 -27.5301666259766 -27.0142803192139 -26.5250244140625 -26.0938186645508 -25.7684783935547 -25.5300025939941 -25.2935485839844 -25.0361938476562 -24.8895645141602 -24.9294872283936
-45.4474868774414 -44.7850151062012 -44.6010093688965 -44.7196846008301 -45.1104888916016 -45.5987930297852 -46.0921249389648 -46.3715782165527 -46.6788139343262 -46.8172340393066 -46.8980903625488 -46.9410247802734 -46.4564476013184 -45.8313064575195 -45.126392364502 -44.4751396179199 -43.8872222900391 -43.4332275390625 -42.9264144897461 -42.3354148864746 -41.6707153320312 -40.9744453430176 -40.0500679016113 -39.2872428894043 -38.6075096130371 -37.8767700195312 -36.7530136108398 -35.9188041687012 -34.9506759643555 -33.6448135375977 -32.1134986877441 -30.8451271057129 -29.7681999206543 -29.6746292114258 -29.5786437988281 -29.3004722595215 -28.846134185791 -28.1865177154541 -27.4736003875732 -26.8633804321289 -26.2613067626953 -25.7437744140625 -25.4908828735352 -25.4504318237305 -25.4381980895996 -25.4257659912109 -25.4787082672119 -25.3965816497803
-45.9788513183594 -45.5706367492676 -45.3276824951172 -45.2339172363281 -45.1802673339844 -44.9772987365723 -45.0917091369629 -45.702018737793 -46.5403518676758 -46.8228454589844 -46.9108047485352 -46.9743232727051 -46.7340507507324 -46.1003341674805 -45.2285995483398 -44.5821304321289 -44.096996307373 -43.685115814209 -43.2064819335938 -42.6337623596191 -41.9648361206055 -41.237419128418 -40.4270973205566 -39.6639747619629 -38.9241905212402 -38.1370887756348 -37.214427947998 -36.3434257507324 -35.3687210083008 -34.2022819519043 -32.9084701538086 -31.7080554962158 -30.6731986999512 -30.1261157989502 -30.0894985198975 -29.8579940795898 -29.294376373291 -28.3922843933105 -27.4076728820801 -26.7486953735352 -25.9511985778809 -25.114013671875 -25.0629501342773 -25.3664302825928 -25.584056854248 -25.7133483886719 -25.8895034790039 -25.8578796386719
-46.796459197998 -46.5358619689941 -46.2459182739258 -45.9700927734375 -45.6846237182617 -45.3387451171875 -45.0726509094238 -44.8653755187988 -44.6540565490723 -45.9971389770508 -46.036750793457 -46.7181549072266 -46.9847564697266 -46.3485870361328 -45.0895729064941 -44.5643196105957 -44.2806663513184 -44.0013275146484 -43.5680274963379 -43.0063171386719 -42.2816886901855 -41.4974899291992 -40.7280769348145 -40.0019378662109 -39.2693061828613 -38.5156936645508 -37.7159538269043 -36.8920211791992 -35.9771537780762 -34.9370307922363 -33.8108024597168 -32.6824645996094 -31.5745277404785 -30.5702533721924 -30.9628562927246 -31.3091278076172 -30.1418323516846 -28.8925170898438 -27.5625839233398 -26.9475631713867 -25.9197731018066 -24.4137878417969 -24.7232780456543 -25.4927635192871 -25.8664588928223 -26.0202541351318 -26.4527263641357 -26.6167125701904
-47.7214088439941 -47.571102142334 -47.1975479125977 -46.7641487121582 -46.3271255493164 -45.8592567443848 -45.2907066345215 -44.3785781860352 -43.000789642334 -41.4139785766602 -42.8736152648926 -44.996452331543 -46.2885284423828 -45.9362640380859 -44.3429641723633 -44.5042381286621 -44.5220565795898 -44.4228706359863 -43.990421295166 -43.4555130004883 -42.5998077392578 -41.7083740234375 -40.9688034057617 -40.3291015625 -39.6232795715332 -38.93505859375 -38.2527008056641 -37.5346641540527 -36.7114601135254 -35.7734985351562 -34.7682189941406 -33.7602653503418 -32.8329086303711 -32.0738906860352 -31.8831977844238 -31.6369571685791 -30.729305267334 -29.710599899292 -28.6980533599854 -27.9520454406738 -27.1110458374023 -26.2442398071289 -26.1459617614746 -26.3913650512695 -26.5284748077393 -26.5604457855225 -27.2351703643799 -27.8569755554199
-48.6932106018066 -48.7464866638184 -48.1678886413574 -47.5432777404785 -46.9982376098633 -46.4994468688965 -45.883358001709 -44.6105422973633 -42.9762725830078 -41.1819190979004 -40.1980781555176 -41.0632247924805 -42.6546096801758 -43.2764701843262 -43.8425750732422 -45.755500793457 -45.1355323791504 -44.8174934387207 -44.2290992736816 -43.7771987915039 -42.6982269287109 -41.6905364990234 -41.0767059326172 -40.6687049865723 -39.9405746459961 -39.3402671813965 -38.8237113952637 -38.2789115905762 -37.5594596862793 -36.6857376098633 -35.7546882629395 -34.82373046875 -34.0676383972168 -33.3973808288574 -32.8669471740723 -32.2454452514648 -31.3658485412598 -30.6025199890137 -29.8521499633789 -29.1863193511963 -28.557445526123 -28.0214347839355 -27.6719703674316 -27.5469875335693 -27.493782043457 -27.4986343383789 -27.7384071350098 -27.7954139709473
-49.5458145141602 -50.0470314025879 -49.0181045532227 -48.1839256286621 -47.5765914916992 -47.1462326049805 -46.7982368469238 -45.2140731811523 -43.6033515930176 -42.0957527160645 -41.0571174621582 -40.8681640625 -40.3728103637695 -40.5227966308594 -41.3864936828613 -42.7780113220215 -43.1444702148438 -43.0561256408691 -43.1758270263672 -42.2418212890625 -41.5370979309082 -41.0680465698242 -40.8927421569824 -41.0187301635742 -40.0775108337402 -39.6469459533691 -39.421630859375 -39.1808891296387 -38.551399230957 -37.6680793762207 -36.789924621582 -35.8610191345215 -35.2937355041504 -34.6602668762207 -33.9653015136719 -33.118709564209 -32.0709762573242 -31.5631675720215 -30.9876308441162 -30.4162635803223 -29.9285411834717 -29.597505569458 -29.0208377838135 -28.6622085571289 -28.4522933959961 -28.339334487915 -28.3037757873535 -28.0864887237549
-49.6791763305664 -49.7470359802246 -49.1558151245117 -48.4885520935059 -47.8897361755371 -47.3426856994629 -46.705738067627 -45.5176811218262 -44.2111282348633 -42.9695243835449 -41.9589385986328 -41.2412567138672 -40.429573059082 -39.7558250427246 -39.0741081237793 -39.7985000610352 -39.84228515625 -40.0562477111816 -40.1099243164062 -39.7743492126465 -39.8039512634277 -40.0526504516602 -40.3829193115234 -40.456298828125 -39.6723136901855 -39.70361328125 -40.0685501098633 -40.373966217041 -39.7311553955078 -38.6793594360352 -38.0119667053223 -37.3659439086914 -36.7246475219727 -36.0244483947754 -35.2558135986328 -34.3852233886719 -33.4750328063965 -32.7998123168945 -32.1640625 -31.5573883056641 -31.0154628753662 -30.5466957092285 -30.0246734619141 -29.6127967834473 -29.3170604705811 -29.1009063720703 -28.912670135498 -28.6333427429199
-49.6988563537598 -49.5980987548828 -49.1935005187988 -48.662712097168 -48.0999526977539 -47.5080146789551 -46.8006896972656 -45.833324432373 -44.7568893432617 -43.6955757141113 -42.7310180664062 -41.8622894287109 -40.9576416015625 -40.0316963195801 -39.0249137878418 -38.1735649108887 -36.9095611572266 -37.2564544677734 -37.1061782836914 -36.9393692016602 -37.8442687988281 -38.9148559570312 -39.8941383361816 -40.5323104858398 -40.3144226074219 -39.1141014099121 -40.9211273193359 -41.8866233825684 -40.9358100891113 -39.4646492004395 -39.2504348754883 -38.9313888549805 -38.2160606384277 -37.4523773193359 -36.653133392334 -35.7459144592285 -34.8415794372559 -34.0624885559082 -33.3309516906738 -32.6339454650879 -31.9916744232178 -31.4108848571777 -30.8759689331055 -30.4382095336914 -30.0993423461914 -29.8304233551025 -29.5888366699219 -29.32177734375
-49.7568817138672 -49.6396980285645 -49.2903633117676 -48.8193435668945 -48.3014488220215 -47.7400436401367 -47.0767707824707 -46.217945098877 -45.272632598877 -44.3285522460938 -43.4278297424316 -42.5545463562012 -41.6363716125488 -40.6692962646484 -39.6278610229492 -38.5157699584961 -37.1930694580078 -36.0533981323242 -34.8593444824219 -34.0544738769531 -36.0471878051758 -37.9377593994141 -39.7068939208984 -41.4678153991699 -42.7925453186035 -41.5321807861328 -41.3747787475586 -41.253231048584 -40.5116882324219 -40.4184494018555 -40.4957809448242 -40.4745597839355 -39.5638732910156 -38.8200950622559 -38.0865859985352 -37.0783004760742 -36.1038665771484 -35.2871856689453 -34.4690818786621 -33.6595115661621 -32.9018516540527 -32.2100601196289 -31.6229114532471 -31.1608142852783 -30.8116092681885 -30.5332527160645 -30.2907314300537 -30.0788803100586
-49.8454360961914 -49.8180656433105 -49.4358215332031 -48.9688873291016 -48.4950942993164 -48.0208740234375 -47.4827270507812 -46.6490478515625 -45.7605285644531 -44.8966674804688 -44.0756454467773 -43.2699394226074 -42.3688011169434 -41.4355926513672 -40.4712600708008 -39.4637985229492 -38.3455467224121 -37.01025390625 -35.6246871948242 -34.4695129394531 -35.5938758850098 -37.3393211364746 -39.4572830200195 -42.2646522521973 -45.9813117980957 -43.1008529663086 -41.5063781738281 -40.6881675720215 -40.1152534484863 -40.0081939697266 -40.0993690490723 -40.1859359741211 -39.891529083252 -39.7620086669922 -39.385368347168 -38.1675491333008 -37.1434936523438 -36.4570388793945 -35.5738525390625 -34.6366233825684 -33.7515068054199 -32.9167900085449 -32.2529754638672 -31.7758407592773 -31.455265045166 -31.2079372406006 -30.982234954834 -30.871561050415
-49.8704681396484 -50.0607719421387 -49.5298652648926 -49.0415687561035 -48.6193618774414 -48.2629051208496 -47.9556770324707 -47.047966003418 -46.1825485229492 -45.3883476257324 -44.6584854125977 -43.9787826538086 -43.0867118835449 -42.2137680053711 -41.3661613464355 -40.5548057556152 -39.7755813598633 -38.4708518981934 -37.2885284423828 -36.4520378112793 -36.5573081970215 -36.9895362854004 -38.4209899902344 -40.1218490600586 -42.1245536804199 -41.3250274658203 -40.4396018981934 -39.7259979248047 -39.2888336181641 -39.1692008972168 -39.296745300293 -39.5328407287598 -39.3837051391602 -39.3693313598633 -39.3275947570801 -38.059757232666 -37.5864028930664 -37.458438873291 -36.5646591186523 -35.568431854248 -34.5616455078125 -33.5281295776367 -32.7418785095215 -32.2575645446777 -32.0403099060059 -31.8934478759766 -31.6702823638916 -31.7286987304688
-49.5549545288086 -49.5638465881348 -49.2799224853516 -48.9343681335449 -48.5815582275391 -48.2339668273926 -47.8385429382324 -47.1802864074707 -46.4710388183594 -45.7750816345215 -45.100025177002 -44.4291534423828 -43.6781845092773 -42.9204978942871 -42.1768264770508 -41.4479827880859 -40.6950454711914 -39.7435493469238 -38.8542976379395 -38.1942710876465 -37.9257354736328 -37.8561172485352 -37.992805480957 -37.8245697021484 -39.1303024291992 -39.0490112304688 -38.7502899169922 -38.4092216491699 -38.1350135803223 -38.0283508300781 -38.1973915100098 -38.4153785705566 -38.4412879943848 -38.4058074951172 -38.2322654724121 -37.6063613891602 -37.2520408630371 -37.0937309265137 -36.8155860900879 -36.6741218566895 -35.3679809570312 -34.3407745361328 -33.1329231262207 -32.5754356384277 -32.6004257202148 -32.7564163208008 -32.7639274597168 -32.8642654418945
-49.1587791442871 -49.1004791259766 -48.9557495117188 -48.7449760437012 -48.4643478393555 -48.154411315918 -47.7765998840332 -47.268253326416 -46.7018585205078 -46.1097412109375 -45.4988822937012 -44.8713569641113 -44.220630645752 -43.5724563598633 -42.9344863891602 -42.2996025085449 -41.6395225524902 -40.9139747619629 -40.2274589538574 -39.6707496643066 -39.2856864929199 -38.9880104064941 -38.6932945251465 -38.2520027160645 -38.0578918457031 -37.3681221008301 -37.2283821105957 -37.1054077148438 -36.8708114624023 -36.6759757995605 -37.0306968688965 -37.3613662719727 -37.4853820800781 -37.4465293884277 -37.2522811889648 -36.8862915039062 -36.5984115600586 -36.4166107177734 -36.2188949584961 -35.9271354675293 -35.0449485778809 -34.0413475036621 -33.6981163024902 -32.7576522827148 -33.1423034667969 -33.7126541137695 -33.9749450683594 -34.4823532104492
-48.7334747314453 -48.6574020385742 -48.6310081481934 -48.5507049560547 -48.3142929077148 -48.0869789123535 -47.7800216674805 -47.3766632080078 -46.9181137084961 -46.4347686767578 -45.8931922912598 -45.3113403320312 -44.7339210510254 -44.1815490722656 -43.6587409973145 -43.1457786560059 -42.6081619262695 -42.021858215332 -41.465576171875 -40.9884338378906 -40.5926399230957 -40.2189826965332 -39.7864265441895 -39.2504386901855 -38.6440582275391 -37.7135467529297 -36.5896301269531 -36.3109703063965 -35.8529281616211 -35.2551689147949 -36.0282363891602 -36.526683807373 -36.6889419555664 -36.6227149963379 -36.4017601013184 -36.0911064147949 -35.8196067810059 -35.6720390319824 -35.5376510620117 -35.3097839355469 -34.8418502807617 -34.3237113952637 -34.0626564025879 -33.7023277282715 -33.8486595153809 -34.1788177490234 -35.508186340332 -36.0778770446777
-48.2563323974609 -48.1346244812012 -48.3019676208496 -48.41943359375 -48.1110382080078 -48.0373306274414 -47.8305625915527 -47.5065536499023 -47.1406669616699 -46.7846717834473 -46.2976913452148 -45.7319412231445 -45.2092437744141 -44.7431449890137 -44.3506164550781 -43.9883346557617 -43.5917282104492 -43.081298828125 -42.6126861572266 -42.2181816101074 -41.8715705871582 -41.5124473571777 -41.0324172973633 -40.4829902648926 -39.8736686706543 -39.1415863037109 -38.2876739501953 -37.2652626037598 -35.9787483215332 -35.3487167358398 -35.8385200500488 -36.1328926086426 -36.1414108276367 -35.9596519470215 -35.6447639465332 -35.2735061645508 -34.9486427307129 -34.9170989990234 -34.9249839782715 -34.8717346191406 -34.7168350219727 -34.543888092041 -34.5007095336914 -34.4951400756836 -34.6865844726562 -35.0394554138184 -35.7202224731445 -36.0509185791016
