Integrated approach/envi/bathymetry_Morbihan_crop_finale.asc
NCOLS 700 
NROWS 339 
XLLCORNER 69.699583261 
YLLCORNER -49.6595 
CELLSIZE 0.000999999999999984 
NODATA_value -3.4e+38 
[rows 126 to 146 of 339, columns 48 to 95 of 700]
-3.4e+38 -3.4e+38 -3.4e+38 -2.00002503395081 -2.00004005432129 -2.00005555152893 -2.00007057189941 -2.0000855922699 -2.0000696182251 -3.4e+38 -3.4e+38 -3.4e+38 -3.4e+38 -3.4e+38 -3.4e+38 -3.4e+38 -3.4e+38 -3.4e+38 -3.4e+38 -3.4e+38 -3.4e+38 -3.4e+38 -3.4e+38 -3.4e+38 -3.4e+38 -3.4e+38 -3.4e+38 -3.4e+38 -3.4e+38 -3.4e+38 -2.0001003742218 -1.99999892711639 -2.00001502037048 -2.00002813339233 -3.4e+38 -3.4e+38 -3.4e+38 -3.4e+38 -3.4e+38 -3.4e+38 -3.4e+38 -3.4e+38 -3.4e+38 -3.4e+38 -3.4e+38 -3.4e+38 -3.4e+38 -3.4e+38
-3.4e+38 -3.4e+38 -3.4e+38 -1.99999451637268 -2.00000977516174 -2.00002503395081 -2.00004053115845 -2.00005555152893 -2.0000696182251 -3.4e+38 -3.4e+38 -3.4e+38 -3.4e+38 -3.4e+38 -3.4e+38 -3.4e+38 -3.4e+38 -3.4e+38 -3.4e+38 -3.4e+38 -3.4e+38 -3.4e+38 -3.4e+38 -3.4e+38 -3.4e+38 -3.4e+38 -3.4e+38 -3.4e+38 -3.4e+38 -2.00005602836609 -2.0001003742218 -1.99997103214264 -1.99998712539673 -2.0000011920929 -2.00001192092896 -1.99999916553497 -2.00001573562622 -2.00003242492676 -3.4e+38 -3.4e+38 -3.4e+38 -3.4e+38 -3.4e+38 -3.4e+38 -3.4e+38 -3.4e+38 -3.4e+38 -3.4e+38
-3.4e+38 -3.4e+38 -3.4e+38 -1.99996340274811 -1.99997901916504 -1.99999439716339 -2.00000977516174 -2.00002503395081 -2.00004005432129 -2.00005435943604 -3.4e+38 -3.4e+38 -3.4e+38 -3.4e+38 -3.4e+38 -3.4e+38 -3.4e+38 -3.4e+38 -3.4e+38 -3.4e+38 -3.4e+38 -3.4e+38 -3.4e+38 -3.4e+38 -3.4e+38 -3.4e+38 -3.4e+38 -2.00014424324036 -2.00001072883606 -2.00005602836609 -2.00007390975952 -2.00009107589722 -1.99995827674866 -1.99997329711914 -1.99998652935028 -1.99999916553497 -2.00001573562622 -2.00003242492676 -2.00004386901855 -3.4e+38 -3.4e+38 -3.4e+38 -3.4e+38 -3.4e+38 -3.4e+38 -3.4e+38 -3.4e+38 -3.4e+38
-3.4e+38 -3.4e+38 -3.4e+38 -2.00008153915405 -1.99994838237762 -1.99996364116669 -1.99997901916504 -1.9999942779541 -2.00000953674316 -2.00002503395081 -2.00003862380981 -2.00002384185791 -3.4e+38 -3.4e+38 -3.4e+38 -3.4e+38 -3.4e+38 -3.4e+38 -3.4e+38 -3.4e+38 -3.4e+38 -3.4e+38 -3.4e+38 -3.4e+38 -3.4e+38 -3.4e+38 -2.00012874603271 -2.00014424324036 -2.00001072883606 -2.00002765655518 -2.00004529953003 -2.0000627040863 -2.00007915496826 -1.99994575977325 -1.99996101856232 -1.99997675418854 -1.99999475479126 -2.00001287460327 -2.00002026557922 -3.4e+38 -3.4e+38 -3.4e+38 -3.4e+38 -3.4e+38 -3.4e+38 -3.4e+38 -3.4e+38 -3.4e+38
-3.4e+38 -3.4e+38 -3.4e+38 -2.00005078315735 -1.99991810321808 -1.99993336200714 -1.99994838237762 -1.99996364116669 -1.99997889995575 -1.99999415874481 -2.00000882148743 -1.99999213218689 -3.4e+38 -3.4e+38 -3.4e+38 -3.4e+38 -3.4e+38 -3.4e+38 -3.4e+38 -3.4e+38 -3.4e+38 -3.4e+38 -3.4e+38 -3.4e+38 -3.4e+38 -3.4e+38 -3.4e+38 -2.00011301040649 -1.99997985363007 -1.99999797344208 -2.00001645088196 -2.00003433227539 -2.00005125999451 -1.99991893768311 -1.99993503093719 -1.99995183944702 -1.99996960163116 -1.99998641014099 -1.99999272823334 -3.4e+38 -3.4e+38 -3.4e+38 -3.4e+38 -3.4e+38 -3.4e+38 -3.4e+38 -3.4e+38 -3.4e+38
-3.4e+38 -3.4e+38 -3.4e+38 -3.4e+38 -2.0000364780426 -2.00005221366882 -1.99991774559021 -1.99993252754211 -1.99994790554047 -1.99996316432953 -1.99997806549072 -1.99999213218689 -2.00012516975403 -1.99999129772186 -2.00003790855408 -2.00005292892456 -2.0000364780426 -2.00005125999451 -3.4e+38 -3.4e+38 -3.4e+38 -3.4e+38 -3.4e+38 -3.4e+38 -3.4e+38 -3.4e+38 -3.4e+38 -3.4e+38 -2.0001015663147 -2.0001163482666 -2.00013613700867 -2.000155210495 -2.00017333030701 -2.00004124641418 -2.0000581741333 -1.99992549419403 -1.99994170665741 -1.99995565414429 -1.999960064888 -3.4e+38 -3.4e+38 -3.4e+38 -3.4e+38 -3.4e+38 -3.4e+38 -3.4e+38 -3.4e+38 -3.4e+38
-3.4e+38 -3.4e+38 -3.4e+38 -3.4e+38 -3.4e+38 -2.00002098083496 -2.00003576278687 -2.00005054473877 -2.00006604194641 -2.00008106231689 -2.00009608268738 -2.0001106262207 -2.00012516975403 -1.99999129772186 -2.00000786781311 -2.00002288818359 -2.0000364780426 -2.00005125999451 -3.4e+38 -3.4e+38 -3.4e+38 -3.4e+38 -3.4e+38 -3.4e+38 -3.4e+38 -2.00013971328735 -2.00003600120544 -2.00017213821411 -2.00018906593323 -2.00008678436279 -2.00010776519775 -2.0001277923584 -2.00014638900757 -2.00001525878906 -2.00003218650818 -2.00004839897156 -1.99991416931152 -1.99992501735687 -1.99992787837982 -3.4e+38 -3.4e+38 -3.4e+38 -3.4e+38 -3.4e+38 -3.4e+38 -3.4e+38 -3.4e+38 -3.4e+38
-3.4e+38 -3.4e+38 -3.4e+38 -3.4e+38 -3.4e+38 -3.4e+38 -3.4e+38 -2.00001955032349 -2.00003480911255 -2.00005006790161 -2.00006508827209 -2.000079870224 -2.00009489059448 -1.99996101856232 -1.99997663497925 -1.9999920129776 -2.00000667572021 -2.00002098083496 -2.00003385543823 -3.4e+38 -3.4e+38 -3.4e+38 -3.4e+38 -3.4e+38 -2.00012493133545 -2.00013971328735 -2.00015640258789 -2.00017213821411 -2.00018906593323 -2.00006055831909 -2.00008082389832 -2.00010085105896 -2.00012016296387 -2.00013899803162 -2.00015640258789 -2.00002360343933 -2.00003790855408 -2.00004935264587 -2.00005459785461 -2.00004887580872 -3.4e+38 -3.4e+38 -3.4e+38 -3.4e+38 -3.4e+38 -3.4e+38 -3.4e+38 -3.4e+38
-3.4e+38 -3.4e+38 -3.4e+38 -3.4e+38 -3.4e+38 -3.4e+38 -3.4e+38 -3.4e+38 -2.00000381469727 -2.00001907348633 -2.00003385543823 -2.00004935264587 -2.00006437301636 -2.00007939338684 -2.0000946521759 -2.00010967254639 -2.00012469291687 -2.00013899803162 -2.00015330314636 -3.4e+38 -3.4e+38 -3.4e+38 -3.4e+38 -3.4e+38 -3.4e+38 -2.00011014938354 -2.00012707710266 -2.00014448165894 -2.00016283988953 -2.00018334388733 -2.00005459785461 -2.00007510185242 -2.00009489059448 -2.00026345252991 -2.00013256072998 -2.00000023841858 -2.00001525878906 -2.00002813339233 -2.00003838539124 -2.00004696846008 -2.00004696846008 -3.4e+38 -3.4e+38 -3.4e+38 -3.4e+38 -3.4e+38 -3.4e+38 -3.4e+38
-3.4e+38 -3.4e+38 -3.4e+38 -3.4e+38 -3.4e+38 -3.4e+38 -3.4e+38 -3.4e+38 -3.4e+38 -1.99998831748962 -2.00000309944153 -2.00001811981201 -2.00003361701965 -2.00004887580872 -2.00006365776062 -2.0000786781311 -2.00009346008301 -2.00010848045349 -2.00012278556824 -2.0001072883606 -2.0001220703125 -2.0001368522644 -3.4e+38 -3.4e+38 -2.00003385543823 -2.00005006790161 -2.00009727478027 -2.00011658668518 -2.00013566017151 -2.00015616416931 -2.00017690658569 -2.00019788742065 -2.00021910667419 -2.00023937225342 -2.00025844573975 -2.00012731552124 -2.00014352798462 -2.00015759468079 -2.00016856193542 -2.00002694129944 -2.00002217292786 -3.4e+38 -3.4e+38 -3.4e+38 -3.4e+38 -3.4e+38 -3.4e+38 -3.4e+38
-3.4e+38 -3.4e+38 -3.4e+38 -3.4e+38 -3.4e+38 -3.4e+38 -3.4e+38 -3.4e+38 -3.4e+38 -2.00007581710815 -1.99997270107269 -1.9999874830246 -2.00000286102295 -2.00001811981201 -2.0000331401825 -2.0000479221344 -2.0000627040863 -2.00007772445679 -2.00009274482727 -2.0001072883606 -2.0001220703125 -2.0001368522644 -2.00015187263489 -2.0001368522644 -2.00003385543823 -2.00005006790161 -2.00006866455078 -2.00008773803711 -2.00010800361633 -2.00012850761414 -2.00015020370483 -2.00017213821411 -2.00019407272339 -2.00021553039551 -2.00023651123047 -2.00010633468628 -2.00012421607971 -2.00013947486877 -2.00015163421631 -2.00001072883606 -2.00001239776611 -2.00000214576721 -3.4e+38 -3.4e+38 -2.00005960464478 -2.00011539459229 -2.00015711784363 -3.4e+38
-3.4e+38 -3.4e+38 -3.4e+38 -3.4e+38 -3.4e+38 -3.4e+38 -3.4e+38 -3.4e+38 -3.4e+38 -2.00007581710815 -2.00009083747864 -2.0001060962677 -2.00012111663818 -2.00013661384583 -2.00000238418579 -2.0000171661377 -2.00003218650818 -2.00004696846008 -2.00006198883057 -2.00007677078247 -2.00009179115295 -2.00010657310486 -2.00012111663818 -2.0001368522644 -2.00015306472778 -2.00016975402832 -2.00018811225891 -2.00020742416382 -2.00022792816162 -2.00009989738464 -2.00012230873108 -2.00014495849609 -2.00016856193542 -2.00019216537476 -2.00021481513977 -2.00008726119995 -2.00010657310486 -2.00012350082397 -2.00013732910156 -1.99999725818634 -1.99999845027924 -1.99998867511749 -1.99998867511749 -2.00015068054199 -2.00005960464478 -2.00011539459229 -2.00015711784363 -2.00016784667969
-3.4e+38 -3.4e+38 -3.4e+38 -3.4e+38 -3.4e+38 -3.4e+38 -3.4e+38 -3.4e+38 -3.4e+38 -2.00004482269287 -2.00006008148193 -2.000075340271 -2.00009059906006 -2.00010585784912 -2.0001208782196 -2.00013566017151 -2.00015068054199 -2.0001654624939 -2.00003147125244 -2.00004601478577 -2.00006103515625 -2.00007605552673 -2.0000913143158 -2.00010657310486 -2.00012302398682 -2.00013995170593 -2.00015807151794 -2.00017666816711 -2.00019717216492 -2.00006985664368 -2.00009322166443 -2.0001175403595 -2.00014233589172 -2.00016832351685 -2.00019359588623 -2.00021743774414 -2.000239610672 -2.00025963783264 -2.00027704238892 -2.00014090538025 -2.00014781951904 -2.0001494884491 -2.00015139579773 -2.00015068054199 -2.000248670578 -2.00034046173096 -2.00042963027954 -2.00035190582275
-3.4e+38 -3.4e+38 -3.4e+38 -3.4e+38 -3.4e+38 -3.4e+38 -3.4e+38 -3.4e+38 -3.4e+38 -3.4e+38 -2.00002932548523 -2.00004458427429 -2.00005984306335 -2.000075340271 -2.0000901222229 -2.0001049041748 -2.00011992454529 -2.00013494491577 -2.00014996528625 -2.00016450881958 -2.00017952919006 -2.00019454956055 -2.00020980834961 -2.00007629394531 -2.00009179115295 -2.00010871887207 -2.00012612342834 -2.00014472007751 -2.00016450881958 -2.00018715858459 -2.00021195411682 -2.00008869171143 -2.00011587142944 -2.00014400482178 -2.00017166137695 -2.00019884109497 -2.00022482872009 -2.000248670578 -2.00027060508728 -2.00028896331787 -2.00030469894409 -2.00031781196594 -2.00033283233643 -2.00035858154297 -2.00042605400085 -2.00035047531128 -2.00041604042053 -2.00028872489929
-1.99996888637543 -1.99998378753662 -1.99999833106995 -3.4e+38 -3.4e+38 -3.4e+38 -3.4e+38 -3.4e+38 -3.4e+38 -1.99995303153992 -1.9999680519104 -2.00001406669617 -2.00002932548523 -2.00004458427429 -2.0000593662262 -2.00007438659668 -2.00008916854858 -2.00010418891907 -2.00011897087097 -2.00013399124146 -2.0001482963562 -2.00016379356384 -2.00017881393433 -2.00019407272339 -2.00006055831909 -2.00007677078247 -2.00009298324585 -2.00011038780212 -2.00012969970703 -2.0001528263092 -2.00017881393433 -2.00020718574524 -2.00008726119995 -2.00011849403381 -2.0001494884491 -2.0001802444458 -2.00021004676819 -2.00023889541626 -2.0002658367157 -2.0002908706665 -2.00031399726868 -2.00033640861511 -2.0003616809845 -2.00039505958557 -2.00044536590576 -2.0003502368927 -2.00039577484131 -2.00040292739868
-1.99996888637543 -1.99998378753662 -1.99999833106995 -1.99998164176941 -1.99999666213989 -2.00001168251038 -2.00002646446228 -1.99989259243011 -1.99993860721588 -1.99995303153992 -1.9999680519104 -1.99998319149017 -1.99999856948853 -2.00001406669617 -2.00002861022949 -2.00004363059998 -2.00005865097046 -2.00007367134094 -2.00008821487427 -2.00010299682617 -3.4e+38 -3.4e+38 -3.4e+38 -3.4e+38 -2.00002861022949 -2.00004434585571 -2.0000593662262 -2.00007486343384 -2.00009179115295 -2.00011610984802 -2.00014352798462 -2.00017333030701 -2.00020575523376 -2.00009083747864 -2.00012564659119 -2.00016021728516 -2.00019478797913 -2.00022840499878 -2.00026106834412 -2.00029230117798 -2.00032234191895 -2.0003514289856 -2.00038242340088 -2.00041794776917 -2.00045919418335 -2.00050234794617 -2.00039601325989 -2.00043559074402
-1.99993860721588 -1.99995338916779 -1.99996757507324 -1.99998164176941 -1.99999666213989 -2.00001168251038 -2.00002646446228 -1.99989259243011 -1.99990749359131 -1.9999223947525 -1.99993777275085 -1.99995255470276 -1.99996793270111 -1.99998319149017 -1.99999809265137 -2.00001311302185 -2.00002789497375 -2.00004291534424 -2.00005769729614 -3.4e+38 -3.4e+38 -3.4e+38 -3.4e+38 -3.4e+38 -3.4e+38 -3.4e+38 -3.4e+38 -3.4e+38 -3.4e+38 -2.00007820129395 -2.00010585784912 -2.0001368522644 -2.00017213821411 -2.00006103515625 -2.00009965896606 -2.00013852119446 -2.00017786026001 -2.0002167224884 -2.00025486946106 -2.00029253959656 -2.00032877922058 -2.00036406517029 -2.00039839744568 -2.00043296813965 -2.00046825408936 -2.00050330162048 -2.00053715705872 -2.00042629241943
-2.00005674362183 -1.9999223947525 -1.99993693828583 -1.99995100498199 -1.99996602535248 -1.99998080730438 -1.99999582767487 -2.00001120567322 -2.00002598762512 -1.99989211559296 -1.99990701675415 -1.99992191791534 -1.99993717670441 -1.99995255470276 -1.99996733665466 -1.99998235702515 -1.99999713897705 -2.00001192092896 -2.00002694129944 -3.4e+38 -3.4e+38 -3.4e+38 -3.4e+38 -3.4e+38 -3.4e+38 -3.4e+38 -3.4e+38 -3.4e+38 -3.4e+38 -3.4e+38 -2.00006556510925 -2.0000958442688 -2.00013542175293 -2.00017762184143 -2.00022029876709 -2.00026321411133 -2.00015807151794 -2.00020241737366 -2.00024676322937 -2.00029110908508 -2.00033330917358 -2.00037360191345 -2.00041127204895 -2.00044584274292 -2.00047588348389 -2.00050115585327 -2.00051808357239 -2.00052118301392
-2.00002503395081 -2.00004005432129 -2.00005459785461 -1.99992001056671 -1.99993526935577 -1.99995017051697 -1.99996507167816 -1.99998044967651 -1.99999558925629 -2.00001049041748 -2.00002551078796 -2.00004029273987 -2.00005578994751 -2.00007081031799 -2.00008583068848 -1.99995172023773 -1.99996650218964 -1.99998152256012 -1.99999630451202 -2.00001120567322 -1.999995470047 -3.4e+38 -3.4e+38 -3.4e+38 -3.4e+38 -3.4e+38 -3.4e+38 -3.4e+38 -3.4e+38 -3.4e+38 -2.00003504753113 -2.00005125999451 -2.00009703636169 -2.00014281272888 -2.00018882751465 -2.00023555755615 -2.00013446807861 -2.00018429756165 -2.00023531913757 -2.00028610229492 -2.00033521652222 -2.00038146972656 -2.00042295455933 -2.00045871734619 -2.00048661231995 -2.00050473213196 -2.00050806999207 -2.00048971176147
-1.99999332427979 -2.00000810623169 -2.00002312660217 -1.99988889694214 -1.99990379810333 -1.99991869926453 -1.99993395805359 -1.99994933605194 -1.99996495246887 -1.99997997283936 -1.99999475479126 -2.00000953674316 -2.00002503395081 -2.00004029273987 -2.00005531311035 -1.9999213218689 -1.99993622303009 -1.99995112419128 -1.99996566772461 -1.9999805688858 -1.999995470047 -1.99997973442078 -1.9999942779541 -3.4e+38 -3.4e+38 -3.4e+38 -3.4e+38 -3.4e+38 -3.4e+38 -3.4e+38 -2.00000309944153 -2.00001883506775 -2.00006198883057 -2.00010752677917 -2.0001540184021 -2.00020265579224 -2.00010538101196 -2.00016069412231 -2.00021886825562 -2.00027775764465 -2.00033450126648 -2.0003879070282 -2.00043511390686 -2.00047421455383 -2.00050282478333 -2.00051808357239 -2.00051665306091 -2.00048995018005
-1.99995994567871 -1.99997520446777 -1.99999046325684 -2.0000057220459 -2.00002074241638 -2.00003600120544 -2.00005173683167 -2.00006723403931 -1.99993467330933 -1.99994957447052 -1.99996411800385 -1.99997901916504 -1.9999942779541 -2.00000953674316 -2.00002503395081 -2.00004029273987 -2.00005507469177 -2.00007009506226 -1.99993538856506 -1.99994993209839 -1.99996483325958 -1.99997973442078 -1.9999942779541 -2.00000905990601 -3.4e+38 -3.4e+38 -3.4e+38 -3.4e+38 -3.4e+38 -3.4e+38 -1.99997210502625 -1.9999874830246 -2.00002694129944 -2.00006985664368 -2.00011491775513 -2.00016331672668 -2.0002179145813 -2.00012946128845 -2.0001962184906 -2.00026488304138 -2.00033187866211 -2.00039386749268 -2.00044870376587 -2.00049328804016 -2.00052642822266 -2.00054430961609 -2.00054502487183 -2.0005247592926
