Integrated approach/envi/bathymetry_Morbihan_crop_finale.asc
NCOLS 700 
NROWS 339 
XLLCORNER 69.699583261 
YLLCORNER -49.6595 
CELLSIZE 0.000999999999999984 
NODATA_value -3.4e+38 
[rows 84 to 104 of 339, columns 528 to 575 of 700]
-21.1646919250488 -20.8417263031006 -20.513355255127 -20.1777400970459 -19.8068161010742 -19.277214050293 -18.711986541748 -18.1399345397949 -17.5612277984619 -16.988733291626 -16.4934864044189 -16.0020084381104 -15.4977912902832 -14.9819288253784 -14.4507398605347 -13.8757781982422 -13.2858648300171 -12.6834144592285 -12.0674047470093 -11.4585914611816 -10.9503679275513 -10.4555234909058 -9.9542818069458 -9.44808197021484 -8.94197940826416 -8.44628524780273 -7.95939779281616 -7.48418378829956 -7.02464485168457 -6.57930135726929 -6.12339782714844 -5.68420839309692 -5.26425790786743 -4.85828399658203 -4.46264839172363 -4.07780790328979 -3.69768214225769 -3.31826519966125 -2.94463562965393 -2.61423254013062 -2.46929860115051 -2.35477495193481 -2.21568202972412 -2.05561995506287 -3.4e+38 -3.4e+38 -3.4e+38 -3.4e+38
-21.7423992156982 -21.3821964263916 -21.0192184448242 -20.6417770385742 -20.2288093566895 -19.7446460723877 -19.2249355316162 -18.688627243042 -18.1445503234863 -17.6012401580811 -17.0742492675781 -16.5476722717285 -16.0158920288086 -15.4771690368652 -14.930811882019 -14.3734350204468 -13.808066368103 -13.2357864379883 -12.6582727432251 -12.0854072570801 -11.5400485992432 -11.0046472549438 -10.4733076095581 -9.94417572021484 -9.41780662536621 -8.89656352996826 -8.38161659240723 -7.87456464767456 -7.37934589385986 -6.89981412887573 -6.43628692626953 -5.99061679840088 -5.55980396270752 -5.14038372039795 -4.73016548156738 -4.33055686950684 -3.93766021728516 -3.55628514289856 -3.19577527046204 -2.88261342048645 -2.65903878211975 -2.47541904449463 -2.29777574539185 -2.11823225021362 -1.95821630954742 -1.96618723869324 -3.4e+38 -3.4e+38
-22.3137607574463 -21.9290504455566 -21.5392551422119 -21.1340293884277 -20.7030391693115 -20.2395534515381 -19.7501258850098 -19.2458076477051 -18.732292175293 -18.2081241607666 -17.6602230072021 -17.1031112670898 -16.5419120788574 -15.97802734375 -15.4180765151978 -14.8771772384644 -14.3391227722168 -13.797101020813 -13.2520523071289 -12.7005929946899 -12.1308431625366 -11.5610542297363 -10.9980039596558 -10.4419231414795 -9.89140701293945 -9.34401416778564 -8.79878711700439 -8.25594520568848 -7.71938705444336 -7.20369577407837 -6.73396730422974 -6.28555965423584 -5.84675025939941 -5.41429328918457 -4.9889874458313 -4.57419919967651 -4.1698579788208 -3.77779698371887 -3.41002154350281 -3.08530449867249 -2.82428598403931 -2.60130167007446 -2.39576983451843 -2.19991683959961 -2.02729630470276 -1.96618723869324 -1.95490705966949 -1.97957706451416
-22.881383895874 -22.4835510253906 -22.0757808685303 -21.6512908935547 -21.2075061798096 -20.7563323974609 -20.2883682250977 -19.809289932251 -19.327184677124 -18.8320960998535 -18.2553176879883 -17.6653614044189 -17.0746765136719 -16.4807834625244 -15.8943395614624 -15.3805828094482 -14.8733510971069 -14.3621110916138 -13.851390838623 -13.3297634124756 -12.7236013412476 -12.1151494979858 -11.5210304260254 -10.9387769699097 -10.3632469177246 -9.78944301605225 -9.21385097503662 -8.63233947753906 -8.04447174072266 -7.47317981719971 -7.01577186584473 -6.57455730438232 -6.12920713424683 -5.68113136291504 -5.23633480072021 -4.80764436721802 -4.38765668869019 -3.97948551177979 -3.59001111984253 -3.23669409751892 -2.96026587486267 -2.71895337104797 -2.49672746658325 -2.29016447067261 -2.11615824699402 -2.04132437705994 -2.00471615791321 -1.97957706451416
-23.454906463623 -23.0510177612305 -22.6317176818848 -22.1924591064453 -21.7305145263672 -21.2916374206543 -20.8345146179199 -20.3701972961426 -19.9163150787354 -19.477087020874 -18.845703125 -18.2279033660889 -17.61838722229 -16.9964923858643 -16.3573703765869 -15.8949871063232 -15.4147672653198 -14.9228916168213 -14.4425411224365 -13.9795932769775 -13.3036708831787 -12.6540756225586 -12.0337076187134 -11.4298048019409 -10.8336362838745 -10.2366151809692 -9.63461971282959 -9.01888561248779 -8.37629795074463 -7.70906686782837 -7.30304670333862 -6.87324237823486 -6.41681051254272 -5.94741344451904 -5.47418880462646 -5.03185415267944 -4.59431171417236 -4.16451263427734 -3.74649333953857 -3.34863591194153 -3.07718658447266 -2.82812261581421 -2.59335231781006 -2.37009716033936 -2.16437935829163 -2.10263442993164 -2.05910706520081 -2.02360558509827
-24.0496578216553 -23.6372318267822 -23.2121105194092 -22.7716751098633 -22.3152770996094 -21.8570613861084 -21.3868770599365 -20.9087772369385 -20.4290580749512 -19.9364414215088 -19.3611869812012 -18.7736206054688 -18.1838130950928 -17.5894565582275 -17.0015239715576 -16.4855690002441 -15.9766387939453 -15.4637680053711 -14.9492635726929 -14.4179782867432 -13.7930173873901 -13.156925201416 -12.53049659729 -11.9130544662476 -11.3001861572266 -10.686882019043 -10.0696134567261 -9.44483852386475 -8.81257438659668 -8.19652652740479 -7.69359588623047 -7.20973539352417 -6.72020721435547 -6.22602462768555 -5.73410701751709 -5.2588996887207 -4.79430484771729 -4.34288740158081 -3.91257381439209 -3.52057218551636 -3.20723628997803 -2.93628573417664 -2.69217824935913 -2.47302579879761 -2.28993248939514 -2.18520331382751 -2.11211752891541 -2.04987621307373
-24.6544322967529 -24.2354736328125 -23.8093414306641 -23.3713226318359 -22.9161434173584 -22.4398975372314 -21.9472103118896 -21.4448223114014 -20.9359092712402 -20.4162101745605 -19.8717842102051 -19.3164367675781 -18.7569713592529 -18.1936302185059 -17.6326198577881 -17.0883464813232 -16.547176361084 -16.0030708312988 -15.4520807266235 -14.8827934265137 -14.2734994888306 -13.6481313705444 -13.0195798873901 -12.3920879364014 -11.7655696868896 -11.1388921737671 -10.5109176635742 -9.88213920593262 -9.25736427307129 -8.65181446075439 -8.0935173034668 -7.55617237091064 -7.02865600585938 -6.50501203536987 -5.98682737350464 -5.47918748855591 -4.98305416107178 -4.50360202789307 -4.05111980438232 -3.64508032798767 -3.30947232246399 -3.0238881111145 -2.77410054206848 -2.55537009239197 -2.37622356414795 -2.25164151191711 -2.15980434417725 -2.08045768737793
-25.2637252807617 -24.8405380249023 -24.4159736633301 -23.9869480133057 -23.5378913879395 -23.0402984619141 -22.5189323425293 -21.9872531890869 -21.4500961303711 -20.9123077392578 -20.3872604370117 -19.8626728057861 -19.3326854705811 -18.7984485626221 -18.2560386657715 -17.6928825378418 -17.1226425170898 -16.5486907958984 -15.967827796936 -15.3743095397949 -14.7647800445557 -14.1404962539673 -13.5071954727173 -12.8689680099487 -12.2288637161255 -11.589183807373 -10.950439453125 -10.3150768280029 -9.68762302398682 -9.07452964782715 -8.47790908813477 -7.89924907684326 -7.3334379196167 -6.77889919281006 -6.23205375671387 -5.69088459014893 -5.1589503288269 -4.64164209365845 -4.15037393569946 -3.71185421943665 -3.36889576911926 -3.08324265480042 -2.82988667488098 -2.6049211025238 -2.41902232170105 -2.29355788230896 -2.20120143890381 -2.12256908416748
-25.8738498687744 -25.4414405822754 -25.0231056213379 -24.6153106689453 -24.1929416656494 -23.6582870483398 -23.1002578735352 -22.5374031066895 -21.9684562683105 -21.4033546447754 -20.90500831604 -20.4110412597656 -19.9106941223145 -19.4069175720215 -18.8911838531494 -18.3015594482422 -17.7015380859375 -17.1013565063477 -16.4952850341797 -15.879674911499 -15.2675724029541 -14.6399555206299 -13.997486114502 -13.3456001281738 -12.6891374588013 -12.0350294113159 -11.3833494186401 -10.737753868103 -10.1033926010132 -9.48048877716064 -8.84733390808105 -8.22992897033691 -7.63142967224121 -7.04644823074341 -6.47058153152466 -5.89502429962158 -5.32444620132446 -4.76087379455566 -4.21054744720459 -3.70899438858032 -3.38682889938354 -3.11764717102051 -2.86541438102722 -2.62522315979004 -2.41603565216064 -2.31130242347717 -2.2353355884552 -2.1668975353241
-26.46653175354 -26.0212554931641 -25.6087474822998 -25.2312870025635 -24.8791198730469 -24.2725830078125 -23.6803321838379 -23.0972156524658 -22.5002174377441 -21.8836402893066 -21.4355545043945 -20.9677238464355 -20.4852180480957 -20.0084686279297 -19.5435752868652 -18.9027347564697 -18.2757835388184 -17.6589508056641 -17.0353164672852 -16.3943767547607 -15.7857217788696 -15.1522903442383 -14.4963836669922 -13.8259725570679 -13.147837638855 -12.4769687652588 -11.8079328536987 -11.1461944580078 -10.5009622573853 -9.87667369842529 -9.19723320007324 -8.54478931427002 -7.91690444946289 -7.30648612976074 -6.70638751983643 -6.09387159347534 -5.48622131347656 -4.87866592407227 -4.26033067703247 -3.64181971549988 -3.39514207839966 -3.15224838256836 -2.89951992034912 -2.63845562934875 -2.37508177757263 -2.32208800315857 -2.26958179473877 -2.21119499206543
-26.9829769134521 -26.5560970306396 -26.1424446105957 -25.7389335632324 -25.321044921875 -24.7901954650879 -24.2366828918457 -23.6762619018555 -23.1072750091553 -22.5410594940186 -22.0423679351807 -21.5469398498535 -21.0452575683594 -20.5406169891357 -20.0237827301025 -19.4328498840332 -18.8298416137695 -18.2232227325439 -17.6062240600586 -16.9743061065674 -16.3396148681641 -15.6847639083862 -15.008318901062 -14.3163061141968 -13.616847038269 -12.919415473938 -12.2242584228516 -11.5340261459351 -10.8537817001343 -10.1836833953857 -9.50139141082764 -8.83513641357422 -8.18734931945801 -7.55208587646484 -6.92186594009399 -6.28570127487183 -5.65232944488525 -5.02690505981445 -4.41992044448853 -3.87208652496338 -3.5177149772644 -3.22706365585327 -2.9626841545105 -2.71666979789734 -2.50474834442139 -2.39678835868835 -2.32123684883118 -2.25485563278198
-27.4816627502441 -27.0714893341064 -26.6570377349854 -26.2352085113525 -25.7926921844482 -25.3047523498535 -24.791015625 -24.2636947631836 -23.7263927459717 -23.1869029998779 -22.6619930267334 -22.1371059417725 -21.6055927276611 -21.0679397583008 -20.521951675415 -19.9568920135498 -19.3818531036377 -18.796802520752 -18.1954212188721 -17.5701808929443 -16.9163722991943 -16.2349414825439 -15.5316028594971 -14.8128232955933 -14.0864181518555 -13.3612651824951 -12.6359758377075 -11.910683631897 -11.1898860931396 -10.4805021286011 -9.78636264801025 -9.10953807830811 -8.44675445556641 -7.79204654693604 -7.137038230896 -6.47447204589844 -5.81307792663574 -5.16692495346069 -4.55656099319458 -4.02163887023926 -3.61775827407837 -3.29640054702759 -3.022944688797 -2.7859890460968 -2.59223651885986 -2.46302175521851 -2.36966872215271 -2.29585790634155
-27.9799690246582 -27.5846729278564 -27.1736316680908 -26.7438945770264 -26.2954406738281 -25.8345966339111 -25.3562641143799 -24.8591289520264 -24.3477363586426 -23.8244228363037 -23.2851085662842 -22.7337875366211 -22.1720447540283 -21.6020488739014 -21.0331077575684 -20.487325668335 -19.9420337677002 -19.3849792480469 -18.8071517944336 -18.1935634613037 -17.5178642272949 -16.8044013977051 -16.0670795440674 -15.3135395050049 -14.553973197937 -13.8030633926392 -13.0477886199951 -12.283374786377 -11.5147933959961 -10.7612476348877 -10.0554265975952 -9.3725061416626 -8.69935035705566 -8.03030872344971 -7.35554838180542 -6.65891599655151 -5.96037626266479 -5.27685451507568 -4.63154363632202 -4.06933116912842 -3.65644431114197 -3.33307480812073 -3.06049299240112 -2.82608699798584 -2.63487982749939 -2.50149536132812 -2.40685796737671 -2.33274841308594
-28.4828147888184 -28.1089305877686 -27.7040061950684 -27.2674942016602 -26.8104381561279 -26.3812580108643 -25.9352436065674 -25.467113494873 -24.9802837371826 -24.4732704162598 -23.9170017242432 -23.3405799865723 -22.7481727600098 -22.139009475708 -21.5333137512207 -21.0227146148682 -20.5155029296875 -19.9918193817139 -19.4490661621094 -18.8659782409668 -18.1501159667969 -17.3935203552246 -16.6169300079346 -15.8213977813721 -15.0164928436279 -14.2488012313843 -13.4678535461426 -12.6608257293701 -11.8304748535156 -11.0081281661987 -10.3081398010254 -9.62779331207275 -8.94724464416504 -8.26879596710205 -7.58344745635986 -6.83817720413208 -6.08992195129395 -5.35422420501709 -4.64149379730225 -4.0044469833374 -3.62927722930908 -3.33565878868103 -3.07362484931946 -2.83664178848267 -2.63638377189636 -2.51481986045837 -2.42911005020142 -2.36519861221313
-29.0102825164795 -28.6625556945801 -28.2645072937012 -27.8193340301514 -27.3330497741699 -26.9516830444336 -26.5360298156738 -26.089241027832 -25.6245040893555 -25.1457862854004 -24.5612983703613 -23.9629955291748 -23.346305847168 -22.6969299316406 -22.0163345336914 -21.5775394439697 -21.1095695495605 -20.612850189209 -20.1071548461914 -19.5928230285645 -18.7991561889648 -17.9961013793945 -17.1851215362549 -16.3481426239014 -15.4805240631104 -14.7183122634888 -13.9160032272339 -13.0658311843872 -12.1641502380371 -11.2233858108521 -10.5676679611206 -9.88887119293213 -9.19043922424316 -8.49728393554688 -7.81994438171387 -7.00089931488037 -6.20233392715454 -5.41781187057495 -4.62555599212646 -3.83759689331055 -3.57924318313599 -3.33093571662903 -3.07752823829651 -2.83126330375671 -2.60210919380188 -2.51049256324768 -2.44005990028381 -2.38665699958801
-29.6335716247559 -29.2715587615967 -28.8770885467529 -28.450553894043 -28.0060844421387 -27.5950813293457 -27.1707534790039 -26.7236804962158 -26.2538776397705 -25.7543659210205 -25.1929626464844 -24.602632522583 -23.9915542602539 -23.3650169372559 -22.7492809295654 -22.2402095794678 -21.7426834106445 -21.2304344177246 -20.6951789855957 -20.1097927093506 -19.3784942626953 -18.5944480895996 -17.7824859619141 -16.9447631835938 -16.0909042358398 -15.2662220001221 -14.4191303253174 -13.5369119644165 -12.6257553100586 -11.7218170166016 -10.9415235519409 -10.1832866668701 -9.42195320129395 -8.66151809692383 -7.90035915374756 -7.09313249588013 -6.29309463500977 -5.51065444946289 -4.7550106048584 -4.08227586746216 -3.68103289604187 -3.36943793296814 -3.09471535682678 -2.84893655776978 -2.64501428604126 -2.5253894329071 -2.44460821151733 -2.38424015045166
-30.2872581481934 -29.914213180542 -29.5231170654297 -29.1112804412842 -28.6866588592529 -28.2640686035156 -27.8307075500488 -27.3792171478271 -26.9042224884033 -26.3969287872314 -25.8447952270508 -25.2610511779785 -24.6578197479248 -24.0477638244629 -23.4558506011963 -22.9171104431152 -22.3961009979248 -21.8662490844727 -21.3074741363525 -20.6926155090332 -19.9835777282715 -19.2139549255371 -18.4052333831787 -17.5678482055664 -16.7103099822998 -15.8456363677979 -14.9582681655884 -14.0424394607544 -13.1084699630737 -12.1878881454468 -11.3271989822388 -10.4884519577026 -9.6517448425293 -8.81241703033447 -7.98060703277588 -7.16405820846558 -6.36516189575195 -5.58669662475586 -4.84993982315063 -4.21069574356079 -3.74882841110229 -3.3947069644928 -3.09829306602478 -2.84370946884155 -2.64215302467346 -2.51794242858887 -2.43634653091431 -2.37095499038696
-30.9539852142334 -30.5794067382812 -30.1908206939697 -29.7878570556641 -29.3727779388428 -28.9484691619873 -28.5118350982666 -28.0594139099121 -27.5858402252197 -27.0799293518066 -26.5253925323486 -25.9389953613281 -25.3328056335449 -24.7201499938965 -24.1255950927734 -23.5849514007568 -23.0620346069336 -22.529821395874 -21.9683570861816 -21.3508911132812 -20.6397132873535 -19.8667125701904 -19.0538864135742 -18.210391998291 -17.3404636383057 -16.4471664428711 -15.5239410400391 -14.567608833313 -13.587664604187 -12.6166257858276 -11.7041215896606 -10.8043518066406 -9.88861846923828 -8.95791912078857 -8.04508399963379 -7.2194128036499 -6.42162752151489 -5.63084268569946 -4.86871719360352 -4.20314788818359 -3.73647427558899 -3.38066077232361 -3.07517528533936 -2.80132389068604 -2.58285784721375 -2.48149442672729 -2.42004656791687 -2.35775685310364
-31.6348152160645 -31.2619037628174 -30.8777084350586 -30.4801979064941 -30.0700187683105 -29.6474189758301 -29.2117595672607 -28.7627696990967 -28.2990112304688 -27.8067932128906 -27.2368621826172 -26.6369915008545 -26.0177040100098 -25.3828601837158 -24.7587184906006 -24.2442092895508 -23.7408180236816 -23.2215042114258 -22.6779193878174 -22.084005355835 -21.3462047576904 -20.5532970428467 -19.7291202545166 -18.876148223877 -17.992525100708 -17.0767097473145 -16.1208038330078 -15.1188049316406 -14.0714244842529 -13.0150899887085 -12.0885486602783 -11.1496362686157 -10.1567640304565 -9.10639190673828 -8.05940818786621 -7.26501750946045 -6.48318672180176 -5.66222906112671 -4.82257175445557 -4.05614519119263 -3.65126609802246 -3.34130692481995 -3.04190707206726 -2.73206782341003 -2.45365643501282 -2.43172907829285 -2.41756629943848 -2.36178493499756
-32.3308181762695 -31.9616622924805 -31.5815181732178 -31.1891441345215 -30.7828826904297 -30.3598346710205 -29.9254493713379 -29.4809131622314 -29.0313014984131 -28.574613571167 -27.9702014923096 -27.3548717498779 -26.7243461608887 -26.0610847473145 -25.3657531738281 -24.9186782836914 -24.4416255950928 -23.9333438873291 -23.4134826660156 -22.8820285797119 -22.0784378051758 -21.2602291107178 -20.4282989501953 -19.5694713592529 -18.6757640838623 -17.7460632324219 -16.7658729553223 -15.7239198684692 -14.603271484375 -13.4076471328735 -12.5312719345093 -11.5741281509399 -10.5105514526367 -9.3253345489502 -8.03721332550049 -7.36954879760742 -6.60905981063843 -5.74176645278931 -4.78642082214355 -3.79463791847229 -3.56690979003906 -3.3344292640686 -3.05516171455383 -2.70614194869995 -2.28082084655762 -2.44507956504822 -2.47957849502563 -2.41567778587341
-33.0370254516602 -32.6779251098633 -32.303092956543 -31.9128952026367 -31.5076599121094 -31.084400177002 -30.647876739502 -30.1975345611572 -29.7327671051025 -29.2421340942383 -28.6790065765381 -28.088020324707 -27.4788932800293 -26.8520679473877 -26.2293014526367 -25.7048015594482 -25.1848449707031 -24.6457843780518 -24.0844020843506 -23.4806251525879 -22.7444477081299 -21.9618873596191 -21.1475696563721 -20.2976989746094 -19.4054489135742 -18.468448638916 -17.4773406982422 -16.4286479949951 -15.3238096237183 -14.1966905593872 -13.1811094284058 -12.1413764953613 -11.0347604751587 -9.86250305175781 -8.69385623931885 -7.78525638580322 -6.8925518989563 -5.96146488189697 -5.01952075958252 -4.17688369750977 -3.73961353302002 -3.44397497177124 -3.19428420066833 -2.96036100387573 -2.76692056655884 -2.77074384689331 -2.6667206287384 -2.55032205581665
