Integrated approach/envi/f_layer_09022017_OK2.asc
NCOLS 700 
NROWS 360 
XLLCORNER 69.699583261 
YLLCORNER -49.6595 
CELLSIZE 0.001 
NODATA_value -3.4e+38 
[rows 315 to 335 of 360, columns 564 to 610 of 700]
-3.4e+38 -3.4e+38 -3.4e+38 -3.4e+38 -3.4e+38 -3.4e+38 -3.4e+38 -3.4e+38 -3.4e+38 -3.4e+38 -3.4e+38 -3.4e+38 -3.4e+38 -3.4e+38 -3.4e+38 -3.4e+38 -3.4e+38 -3.4e+38 -3.4e+38 -3.4e+38 -3.4e+38 -3.4e+38 -3.4e+38 -3.4e+38 -3.4e+38 -3.4e+38 -3.4e+38 -3.4e+38 0.0388979129493237 0.228716567158699 0.218887820839882 0.174629151821136 0.186596855521202 0.187133476138115 0.241271659731865 0.200847014784813 0.241454660892487 0.239457190036774 0.215193137526512 0.229412630200386 0.191393792629242 0.215715661644936 0.248513415455818 0.259073972702026 0.264787286520004 0.224546179175377 0.232155725359917
-3.4e+38 -3.4e+38 -3.4e+38 -3.4e+38 -3.4e+38 -3.4e+38 -3.4e+38 -3.4e+38 -3.4e+38 -3.4e+38 -3.4e+38 -3.4e+38 -3.4e+38 -3.4e+38 -3.4e+38 -3.4e+38 -3.4e+38 -3.4e+38 -3.4e+38 -3.4e+38 -3.4e+38 -3.4e+38 -3.4e+38 -3.4e+38 -3.4e+38 -3.4e+38 -3.4e+38 -3.4e+38 0.524929463863373 0.23682077229023 0.167564153671265 0.183829128742218 0.189169391989708 0.198874399065971 0.23494017124176 0.250645369291306 0.257623046636581 0.193043649196625 0.186988815665245 0.197076380252838 0.192230597138405 0.208870708942413 0.220897778868675 0.256904393434525 0.260233044624329 0.279603660106659 0.24309866130352
-3.4e+38 -3.4e+38 -3.4e+38 -3.4e+38 -3.4e+38 -3.4e+38 -3.4e+38 -3.4e+38 -3.4e+38 -3.4e+38 -3.4e+38 -3.4e+38 -3.4e+38 -3.4e+38 -3.4e+38 -3.4e+38 -3.4e+38 -3.4e+38 -3.4e+38 -3.4e+38 -3.4e+38 -3.4e+38 -3.4e+38 -3.4e+38 -3.4e+38 -3.4e+38 0.487591326236725 0.849263787269592 0.581430912017822 0.242776677012444 0.230553820729256 0.18640623986721 0.192031010985374 0.184338167309761 0.180480480194092 0.156405970454216 0.136045649647713 0.178842410445213 0.212713971734047 0.213295459747314 0.21031391620636 0.21369706094265 0.191660642623901 0.212453916668892 0.281468659639359 0.249532327055931 0.235773146152496
-3.4e+38 -3.4e+38 -3.4e+38 -3.4e+38 -3.4e+38 -3.4e+38 -3.4e+38 -3.4e+38 -3.4e+38 -3.4e+38 -3.4e+38 -3.4e+38 -3.4e+38 -3.4e+38 -3.4e+38 -3.4e+38 -3.4e+38 -3.4e+38 -3.4e+38 -3.4e+38 -3.4e+38 -3.4e+38 -3.4e+38 -3.4e+38 -3.4e+38 -3.4e+38 -3.4e+38 0.852847278118134 0.551889300346375 0.561753928661346 0.213157653808594 0.19359116256237 0.175403133034706 0.18169891834259 0.154256448149681 0.173071324825287 0.183423146605492 0.205092772841454 0.184877917170525 0.20620484650135 0.19910953938961 0.220282793045044 0.192981719970703 0.198631301522255 0.245345249772072 0.2712162733078 0.254118025302887
-3.4e+38 -3.4e+38 -3.4e+38 -3.4e+38 -3.4e+38 -3.4e+38 -3.4e+38 -3.4e+38 -3.4e+38 -3.4e+38 -3.4e+38 -3.4e+38 -3.4e+38 -3.4e+38 -3.4e+38 -3.4e+38 -3.4e+38 -3.4e+38 -3.4e+38 -3.4e+38 -3.4e+38 -3.4e+38 -3.4e+38 -3.4e+38 -3.4e+38 -3.4e+38 -3.4e+38 -3.4e+38 0.545463502407074 0.50633716583252 0.228598967194557 0.208285197615623 0.198741614818573 0.177762687206268 0.191065192222595 0.154553800821304 0.159089118242264 0.154826730489731 0.224536240100861 0.197298660874367 0.18827323615551 0.227294206619263 0.202816665172577 0.21026611328125 0.233302161097527 0.2247004956007 0.252077698707581
-3.4e+38 -3.4e+38 -3.4e+38 -3.4e+38 -3.4e+38 -3.4e+38 -3.4e+38 -3.4e+38 -3.4e+38 -3.4e+38 -3.4e+38 -3.4e+38 -3.4e+38 -3.4e+38 -3.4e+38 -3.4e+38 -3.4e+38 -3.4e+38 -3.4e+38 -3.4e+38 -3.4e+38 -3.4e+38 -3.4e+38 -3.4e+38 -3.4e+38 -3.4e+38 -3.4e+38 -3.4e+38 0.581495523452759 0.294012844562531 0.427413612604141 0.216773107647896 0.201077476143837 0.196068868041039 0.201085850596428 0.196904376149178 0.177760645747185 0.171246692538261 0.165415897965431 0.167790219187737 0.181962445378304 0.186577245593071 0.211042627692223 0.231770887970924 0.265665650367737 0.244549557566643 0.245427951216698
-3.4e+38 -3.4e+38 -3.4e+38 -3.4e+38 -3.4e+38 -3.4e+38 -3.4e+38 -3.4e+38 -3.4e+38 -3.4e+38 -3.4e+38 -3.4e+38 -3.4e+38 -3.4e+38 -3.4e+38 -3.4e+38 -3.4e+38 -3.4e+38 -3.4e+38 -3.4e+38 -3.4e+38 -3.4e+38 -3.4e+38 -3.4e+38 -3.4e+38 -3.4e+38 -3.4e+38 -3.4e+38 0.497730165719986 0.645207583904266 0.609956622123718 0.179089561104774 0.188295736908913 0.201418116688728 0.217901155352592 0.201871633529663 0.191386833786964 0.180398896336555 0.200734451413155 0.221489027142525 0.186515271663666 0.205720201134682 0.201108291745186 0.230339512228966 0.226331532001495 0.26036474108696 0.272951871156693
-3.4e+38 -3.4e+38 -3.4e+38 -3.4e+38 -3.4e+38 -3.4e+38 -3.4e+38 -3.4e+38 -3.4e+38 -3.4e+38 -3.4e+38 -3.4e+38 -3.4e+38 -3.4e+38 -3.4e+38 -3.4e+38 -3.4e+38 -3.4e+38 -3.4e+38 -3.4e+38 -3.4e+38 -3.4e+38 -3.4e+38 -3.4e+38 -3.4e+38 -3.4e+38 0.754494845867157 0.625509679317474 0.665060341358185 0.656543135643005 0.231338620185852 0.230631098151207 0.195561602711678 0.216811433434486 0.172930613160133 0.17105071246624 0.168113276362419 0.156217396259308 0.224013864994049 0.207942485809326 0.176130011677742 0.187718614935875 0.219675555825233 0.239666298031807 0.237717732787132 0.309218734502792 0.287554055452347
-3.4e+38 -3.4e+38 -3.4e+38 -3.4e+38 -3.4e+38 -3.4e+38 -3.4e+38 -3.4e+38 -3.4e+38 -3.4e+38 -3.4e+38 -3.4e+38 -3.4e+38 -3.4e+38 -3.4e+38 -3.4e+38 -3.4e+38 -3.4e+38 -3.4e+38 -3.4e+38 -3.4e+38 -3.4e+38 -3.4e+38 -3.4e+38 -3.4e+38 -3.4e+38 0.677402257919312 0.725701630115509 0.50067150592804 0.228514969348907 0.185962334275246 0.201695755124092 0.215845659375191 0.227845326066017 0.193366333842278 0.197352573275566 0.18896372616291 0.196040436625481 0.236157238483429 0.244185745716095 0.20317554473877 0.246007084846497 0.232845142483711 0.229560792446136 0.229017436504364 0.240202352404594 0.26798003911972
-3.4e+38 -3.4e+38 -3.4e+38 -3.4e+38 -3.4e+38 -3.4e+38 -3.4e+38 -3.4e+38 -3.4e+38 -3.4e+38 -3.4e+38 -3.4e+38 -3.4e+38 -3.4e+38 -3.4e+38 -3.4e+38 -3.4e+38 -3.4e+38 -3.4e+38 -3.4e+38 -3.4e+38 -3.4e+38 -3.4e+38 -3.4e+38 -3.4e+38 -3.4e+38 -3.4e+38 0.644390761852264 0.626048684120178 0.221204578876495 0.193137526512146 0.198440715670586 0.173984706401825 0.165972635149956 0.19120030105114 0.222924366593361 0.225910320878029 0.219367042183876 0.23650236427784 0.240951403975487 0.249402463436127 0.227094814181328 0.224140778183937 0.240755617618561 0.223627641797066 0.236972704529762 0.214496120810509
-3.4e+38 -3.4e+38 -3.4e+38 -3.4e+38 -3.4e+38 -3.4e+38 -3.4e+38 -3.4e+38 -3.4e+38 -3.4e+38 -3.4e+38 -3.4e+38 -3.4e+38 -3.4e+38 -3.4e+38 -3.4e+38 -3.4e+38 -3.4e+38 -3.4e+38 -3.4e+38 -3.4e+38 -3.4e+38 -3.4e+38 -3.4e+38 -3.4e+38 -3.4e+38 -3.4e+38 0.615504860877991 0.650059044361115 0.221286296844482 0.191574990749359 0.194578588008881 0.217122912406921 0.203056856989861 0.225066915154457 0.192920908331871 0.195395886898041 0.198823049664497 0.228113830089569 0.265715658664703 0.313395798206329 0.248435512185097 0.242786169052124 0.233005657792091 0.226665541529655 0.206927716732025 0.220716044306755
-3.4e+38 -3.4e+38 -3.4e+38 -3.4e+38 -3.4e+38 -3.4e+38 -3.4e+38 -3.4e+38 -3.4e+38 -3.4e+38 -3.4e+38 -3.4e+38 -3.4e+38 -3.4e+38 -3.4e+38 -3.4e+38 -3.4e+38 -3.4e+38 -3.4e+38 -3.4e+38 -3.4e+38 -3.4e+38 -3.4e+38 -3.4e+38 -3.4e+38 -3.4e+38 -3.4e+38 0.656980812549591 0.51912385225296 0.491562247276306 0.221513524651527 0.216429471969604 0.236040160059929 0.240728631615639 0.207789018750191 0.213645234704018 0.241463243961334 0.244637593626976 0.209338888525963 0.197413563728333 0.193915486335754 0.212254628539085 0.220005765557289 0.202438458800316 0.22020249068737 0.24661123752594 0.240357384085655
-3.4e+38 -3.4e+38 -3.4e+38 -3.4e+38 -3.4e+38 -3.4e+38 -3.4e+38 -3.4e+38 -3.4e+38 -3.4e+38 -3.4e+38 -3.4e+38 -3.4e+38 -3.4e+38 -3.4e+38 -3.4e+38 -3.4e+38 -3.4e+38 -3.4e+38 -3.4e+38 -3.4e+38 -3.4e+38 -3.4e+38 -3.4e+38 -3.4e+38 -3.4e+38 -3.4e+38 0.522450029850006 0.706891775131226 0.591322839260101 0.188954785466194 0.211977317929268 0.202549636363983 0.233000680804253 0.238417282700539 0.27258837223053 0.311499208211899 0.238411232829094 0.215196415781975 0.213879704475403 0.20595209300518 0.225619360804558 0.215628907084465 0.189585447311401 0.207173094153404 0.219957828521729 0.186627313494682
-3.4e+38 -3.4e+38 -3.4e+38 -3.4e+38 -3.4e+38 -3.4e+38 -3.4e+38 -3.4e+38 -3.4e+38 -3.4e+38 -3.4e+38 -3.4e+38 -3.4e+38 -3.4e+38 -3.4e+38 -3.4e+38 -3.4e+38 -3.4e+38 0.575703740119934 0.538510739803314 1 0.522096455097198 -3.4e+38 -3.4e+38 -3.4e+38 -3.4e+38 -3.4e+38 0.447672724723816 0.504746854305267 0.51383900642395 0.229314282536507 0.207702875137329 0.216297149658203 0.242918238043785 0.21078260242939 0.253448396921158 0.229645803570747 0.222861185669899 0.238223850727081 0.217133715748787 0.219050943851471 0.193931981921196 0.185409143567085 0.19975383579731 0.204615160822868 0.208360597491264 0.204269483685493
-3.4e+38 -3.4e+38 -3.4e+38 -3.4e+38 -3.4e+38 -3.4e+38 -3.4e+38 -3.4e+38 -3.4e+38 -3.4e+38 -3.4e+38 -3.4e+38 -3.4e+38 -3.4e+38 -3.4e+38 -3.4e+38 0.264328569173813 0.483344197273254 0.417284727096558 0.263259798288345 0.172429263591766 0.198015674948692 0.49151873588562 -3.4e+38 -3.4e+38 -3.4e+38 0.42131295800209 0.278594642877579 0.384157299995422 0.416983038187027 0.264686554670334 0.23329658806324 0.214059934020042 0.232584729790688 0.207176581025124 0.19401903450489 0.194276735186577 0.209848448634148 0.206973686814308 0.268581956624985 0.230712413787842 0.249670371413231 0.22722502052784 0.248238071799278 0.266033738851547 0.21359883248806 0.205877363681793
-3.4e+38 -3.4e+38 -3.4e+38 -3.4e+38 -3.4e+38 -3.4e+38 -3.4e+38 -3.4e+38 -3.4e+38 -3.4e+38 -3.4e+38 -3.4e+38 -3.4e+38 -3.4e+38 -3.4e+38 0.526553392410278 0.386340171098709 0.629892230033875 0.500044345855713 0.575794339179993 0.337004631757736 0.301126897335052 0.562448263168335 0.293589740991592 0.209172084927559 0.320018857717514 0.219191268086433 0.265262275934219 0.23868565261364 0.224798545241356 0.265347212553024 0.180364266037941 0.208153083920479 0.184154450893402 0.185851439833641 0.205651327967644 0.139696404337883 0.221377924084663 0.198809787631035 0.252033084630966 0.21421454846859 0.242956161499023 0.21910797059536 0.205482110381126 0.165430173277855 0.19483208656311 0.211368307471275
-3.4e+38 -3.4e+38 -3.4e+38 -3.4e+38 -3.4e+38 -3.4e+38 -3.4e+38 -3.4e+38 -3.4e+38 -3.4e+38 0.513979971408844 0.498929411172867 -3.4e+38 0.531152069568634 0.566475868225098 0.505816102027893 0.312478542327881 0.659379959106445 0.486819922924042 0.488146483898163 0.17696924507618 0.115492634475231 0.53762686252594 0.382532566785812 0.273166626691818 0.192243754863739 0.253358274698257 0.302398890256882 0.280616611242294 0.238447949290276 0.212643131613731 0.157273724675179 0.192541301250458 0.190674141049385 0.195596754550934 0.224728241562843 0.194219529628754 0.214097365736961 0.230551078915596 0.267135411500931 0.205029249191284 0.21789126098156 0.221110105514526 0.221098974347115 0.176030203700066 0.196628883481026 0.213534072041512
0.482656449079514 0.648514688014984 0.657514572143555 0.0275511834770441 0.755356311798096 0.635739266872406 0.527203500270844 0.54433262348175 0.636752545833588 0.674846112728119 0.610059022903442 0.528396189212799 0.614523410797119 0.494907855987549 0.488798290491104 0.516119122505188 0.313254326581955 0.595683038234711 0.506794571876526 0.345698326826096 0.191824302077293 0.20086669921875 0.234536945819855 0.209408238530159 0.491882115602493 0.32071641087532 0.249417200684547 0.190971896052361 0.224180534482002 0.360911875963211 0.243163511157036 0.199135020375252 0.209627047181129 0.223167464137077 0.166305094957352 0.19335050880909 0.19437150657177 0.192561730742455 0.200751200318336 0.180711224675179 0.187579229474068 0.236972615122795 0.285760194063187 0.244130969047546 0.199456393718719 0.221980854868889 0.191230580210686
0.336820513010025 0.620588779449463 0.429608702659607 0.615210354328156 0.200515270233154 0.292852580547333 0.26859775185585 0.202015697956085 0.236134111881256 0.231052681803703 0.321147292852402 0.592252194881439 0.58691143989563 0.603206217288971 0.101970873773098 0.589270293712616 0.510547161102295 0.568326234817505 0.238914772868156 0.206020176410675 0.176581263542175 0.210530638694763 0.238553747534752 0.176977530121803 0.188290059566498 0.216979011893272 0.2290128916502 0.188383281230927 0.208793774247169 0.176965951919556 0.276195377111435 0.210837557911873 0.206635475158691 0.192260518670082 0.225590154528618 0.262885302305222 0.220854923129082 0.201783254742622 0.22406017780304 0.218149676918983 0.205807879567146 0.22130061686039 0.23199874162674 0.260216474533081 0.202221676707268 0.214297473430634 0.251299828290939
0.253712117671967 0.232231244444847 0.212183371186256 0.222618833184242 0.196536138653755 0.222050055861473 0.30294468998909 0.315974086523056 0.17754040658474 0.198829412460327 0.208010986447334 0.232037201523781 0.215707078576088 0.213529586791992 0.220625385642052 0.597878634929657 0.641635894775391 0.331065118312836 0.259801179170609 0.214318990707397 0.21850711107254 0.196601673960686 0.209367319941521 0.208975613117218 0.17861907184124 0.199446305632591 0.220312520861626 0.221529796719551 0.317962914705276 0.206916749477386 0.189095661044121 0.293046802282333 0.284516155719757 0.293665021657944 0.207617357373238 0.20172081887722 0.207711771130562 0.256792187690735 0.296144634485245 0.263985067605972 0.198542520403862 0.205234810709953 0.230939969420433 0.244334384799004 0.222589060664177 0.208694413304329 0.274782449007034
0.348550111055374 0.2697893679142 0.256889253854752 0.297902673482895 0.225158825516701 0.26259782910347 0.241795286536217 0.273484766483307 0.223537996411324 0.19237519800663 0.278045266866684 0.214260712265968 0.224278762936592 0.268474787473679 0.215238675475121 0.188386395573616 0.227680757641792 0.229634001851082 0.244892403483391 0.319641023874283 0.227898553013802 0.176151752471924 0.190166547894478 0.20770925283432 0.185114726424217 0.188395753502846 0.194033905863762 0.169044137001038 0.235926941037178 0.184820458292961 0.223952457308769 0.243832632899284 0.251760601997375 0.301358312368393 0.312791585922241 0.238655805587769 0.285608142614365 0.187854841351509 0.216485381126404 0.222961530089378 0.229349613189697 0.224862575531006 0.22027188539505 0.244470849633217 0.243084847927094 0.21693979203701 0.214591935276985
