Integrated approach/envi/f_layer_09022017_OK2.asc
NCOLS 700 
NROWS 360 
XLLCORNER 69.699583261 
YLLCORNER -49.6595 
CELLSIZE 0.001 
NODATA_value -3.4e+38 
[rows 189 to 209 of 360, columns 376 to 422 of 700]
-3.4e+38 -3.4e+38 -3.4e+38 0.0108438478782773 0.245603904128075 0.0112357037141919 0.319823950529099 0.347396641969681 -3.4e+38 0.486089795827866 0.483117043972015 0.489611059427261 0.498285382986069 0.401995033025742 0.482589483261108 0.410988241434097 0.484943091869354 0.50023490190506 0.492211788892746 0.486922442913055 0.487335115671158 0.482830762863159 0.496842294931412 0.487248539924622 0.484297215938568 0.432084202766418 0.388252019882202 0.42766547203064 0.492707908153534 0.410999566316605 0.487844437360764 0.497820973396301 0.559461057186127 0.551480829715729 0.133813232183456 0.562010407447815 0.444412469863892 0.483012855052948 0.408079385757446 0.328816413879395 0.485782355070114 0.673913538455963 0.0471113808453083 0.526293635368347 0.503823637962341 0.514360725879669 0.527405440807343
-3.4e+38 -3.4e+38 -3.4e+38 -3.4e+38 -3.4e+38 -3.4e+38 -3.4e+38 -3.4e+38 -3.4e+38 -3.4e+38 -3.4e+38 0.486805737018585 0.343065947294235 0.284047305583954 0.485496997833252 0.364801317453384 0.419756382703781 0.488621056079865 0.48735386133194 0.492191761732101 0.487536996603012 0.34398141503334 0.48349541425705 0.640609979629517 0.485737085342407 0.482829242944717 0.442528575658798 0.491278976202011 0.484127759933472 0.374058723449707 0.248657062649727 0.219041630625725 0.0294580832123756 -3.4e+38 -3.4e+38 0.161058574914932 0.218818783760071 0.484375089406967 0.444755226373672 0.484048992395401 0.408176392316818 0.416827350854874 0.694299340248108 0.644349873065948 0.543365359306335 0.50824499130249 0.521950721740723
-3.4e+38 -3.4e+38 -3.4e+38 -3.4e+38 -3.4e+38 -3.4e+38 -3.4e+38 -3.4e+38 -3.4e+38 -3.4e+38 -3.4e+38 0.485936313867569 0.495440542697906 0.561376452445984 0.492286562919617 0.570428431034088 0.686501026153564 0.494021207094193 0.541435658931732 0.483888536691666 0.640829265117645 0.114425979554653 0.11146055907011 0.48791041970253 0.420825004577637 0.152777895331383 0.486676633358002 0.489132910966873 0.219977855682373 0.48266676068306 -3.4e+38 -3.4e+38 -3.4e+38 -3.4e+38 -3.4e+38 -3.4e+38 0.25590980052948 0.492558836936951 0.49064365029335 0.485716730356216 0.485489219427109 0.497071743011475 0.48881733417511 0.510063469409943 0.499676376581192 0.505960524082184 0.536525845527649
-3.4e+38 -3.4e+38 -3.4e+38 -3.4e+38 -3.4e+38 -3.4e+38 -3.4e+38 -3.4e+38 -3.4e+38 -3.4e+38 -3.4e+38 -3.4e+38 -3.4e+38 -3.4e+38 -3.4e+38 -3.4e+38 0.489209592342377 0.0555174238979816 0.0466972775757313 0.48580214381218 0.48912787437439 -3.4e+38 -3.4e+38 -3.4e+38 -3.4e+38 -3.4e+38 -3.4e+38 -3.4e+38 -3.4e+38 -3.4e+38 -3.4e+38 -3.4e+38 -3.4e+38 0.00586312776431441 0.29804202914238 0.542123258113861 0.378748923540115 0.44463512301445 0.483859896659851 0.495232760906219 0.489392757415771 0.492480665445328 0.494204819202423 0.485083550214767 0.5234135389328 0.522963106632233 0.585204839706421
-3.4e+38 -3.4e+38 -3.4e+38 -3.4e+38 -3.4e+38 -3.4e+38 -3.4e+38 -3.4e+38 -3.4e+38 -3.4e+38 -3.4e+38 -3.4e+38 -3.4e+38 -3.4e+38 -3.4e+38 -3.4e+38 -3.4e+38 -3.4e+38 -3.4e+38 -3.4e+38 -3.4e+38 -3.4e+38 -3.4e+38 -3.4e+38 -3.4e+38 -3.4e+38 0.0128926374018192 0.48541334271431 0.0119045963510871 0.00816181022673845 0.0558578185737133 0.397397607564926 0.067748136818409 0.709957718849182 0.484719187021255 0.488182634115219 0.488062798976898 0.410361289978027 0.613220810890198 0.693209290504456 0.557492017745972 0.0899308919906616 0.25989618897438 0.537780344486237 0.523019313812256 0.529277443885803 0.592614710330963
-3.4e+38 -3.4e+38 -3.4e+38 -3.4e+38 -3.4e+38 -3.4e+38 -3.4e+38 -3.4e+38 -3.4e+38 -3.4e+38 -3.4e+38 -3.4e+38 -3.4e+38 -3.4e+38 -3.4e+38 -3.4e+38 -3.4e+38 -3.4e+38 -3.4e+38 -3.4e+38 -3.4e+38 -3.4e+38 -3.4e+38 -3.4e+38 -3.4e+38 -3.4e+38 0.542069315910339 0.519981205463409 0.496546238660812 0.498071372509003 0.487515181303024 0.540854334831238 0.538395345211029 0.588999211788177 0.408703535795212 0.491337329149246 0.313944846391678 0.660647511482239 0.650679051876068 0.495353788137436 0.547924757003784 0.509136557579041 0.483720391988754 0.112765617668629 0.527486801147461 0.519070029258728 0.639795660972595
-3.4e+38 -3.4e+38 -3.4e+38 -3.4e+38 -3.4e+38 -3.4e+38 -3.4e+38 -3.4e+38 -3.4e+38 -3.4e+38 -3.4e+38 -3.4e+38 -3.4e+38 -3.4e+38 -3.4e+38 -3.4e+38 -3.4e+38 -3.4e+38 -3.4e+38 -3.4e+38 -3.4e+38 -3.4e+38 -3.4e+38 -3.4e+38 -3.4e+38 -3.4e+38 0.497509151697159 0.511720478534698 0.801184475421906 0.707475960254669 0.536926031112671 0.500280916690826 0.494583636522293 0.486904472112656 0.484436690807343 0.483595609664917 0.688331484794617 0.559735834598541 0.0507147423923016 0.0538815595209599 0.0707410201430321 0.0547939985990524 0.126455381512642 0.322881609201431 0.531061828136444 0.573224782943726 0.487112700939178
-3.4e+38 -3.4e+38 -3.4e+38 -3.4e+38 -3.4e+38 -3.4e+38 -3.4e+38 -3.4e+38 -3.4e+38 -3.4e+38 -3.4e+38 -3.4e+38 -3.4e+38 -3.4e+38 -3.4e+38 -3.4e+38 -3.4e+38 -3.4e+38 -3.4e+38 -3.4e+38 -3.4e+38 -3.4e+38 -3.4e+38 -3.4e+38 -3.4e+38 -3.4e+38 0.484005302190781 0.495916962623596 0.500370502471924 0.623938679695129 0.434409111738205 0.505733132362366 0.49590802192688 0.508760690689087 0.50317770242691 0.547136306762695 0.586671829223633 0.540219306945801 0.0696791484951973 0.0832977220416069 0.0854938551783562 0.0687556192278862 0.0488800406455994 0.0873609185218811 0.266585201025009 0.641061246395111 0.500692665576935
-3.4e+38 -3.4e+38 -3.4e+38 -3.4e+38 -3.4e+38 -3.4e+38 -3.4e+38 -3.4e+38 -3.4e+38 -3.4e+38 -3.4e+38 -3.4e+38 -3.4e+38 -3.4e+38 -3.4e+38 -3.4e+38 -3.4e+38 -3.4e+38 -3.4e+38 -3.4e+38 -3.4e+38 -3.4e+38 -3.4e+38 -3.4e+38 -3.4e+38 -3.4e+38 0.0160101782530546 0.368698865175247 0.487053751945496 0.58244776725769 0.512454867362976 0.514912962913513 0.511728465557098 0.50983601808548 0.509565651416779 0.566169619560242 0.569488286972046 0.551950752735138 0.274749159812927 0.062318567186594 0.0733038708567619 0.555255889892578 0.50624805688858 0.599638879299164 0.488559901714325 0.497055202722549 0.513538062572479
0 0 0 0 -3.4e+38 -3.4e+38 -3.4e+38 -3.4e+38 -3.4e+38 -3.4e+38 -3.4e+38 -3.4e+38 -3.4e+38 -3.4e+38 -3.4e+38 -3.4e+38 -3.4e+38 -3.4e+38 -3.4e+38 -3.4e+38 -3.4e+38 -3.4e+38 0.0268265455961227 0.00777036510407925 0.00210733781568706 0 0 0.023237681016326 0.496912807226181 0.568526923656464 0.587925314903259 0.565430819988251 0.512524902820587 0.524219036102295 0.507982611656189 0.511929512023926 0.507642984390259 0.507947206497192 0.518675565719604 0.512731730937958 0.505276381969452 0.507124662399292 0.511729896068573 0.524395406246185 0.515442132949829 0.527856230735779 0.531907260417938
0 0 0 0 0 0.0915646031498909 0.197927817702293 0.54004180431366 0.0195098966360092 0.224635437130928 0.0133922034874558 -3.4e+38 -3.4e+38 -3.4e+38 0 0.0131666110828519 0 0 0 0 0 0.00761647382751107 0.0470595806837082 0.0420328341424465 0.577663540840149 0.558043241500854 0.484679639339447 0.584417045116425 0.504717826843262 0.874091267585754 0.671626806259155 0.587414979934692 0.526071965694427 0.51672226190567 0.526216685771942 0.536315858364105 0.529427587985992 0.517807364463806 0.531262516975403 0.529715061187744 0.534722745418549 0.539830207824707 0.536563217639923 0.520744204521179 0.53233003616333 0.520313680171967 0.523272335529327
0 0 0 0 0 0.604580640792847 0.531973242759705 0.522087395191193 0.517256498336792 0.036640789359808 0.0296108853071928 0.101612441241741 0 0 0 0 0 0 0 0 0 0.518345534801483 0.574567973613739 0.047539010643959 0.0404268391430378 0 0.428918927907944 0.536003053188324 0.570964932441711 0.526362538337708 0.516584575176239 0.558314740657806 0.512679517269135 0.510972559452057 0.521312654018402 0.529144883155823 0.522098124027252 0.523382961750031 0.525190770626068 0.530245125293732 0.540081381797791 0.522609293460846 0.509429454803467 0.514643371105194 0.536958158016205 0.527234017848969 0.509064435958862
0.152478411793709 0 0 0 0 0 0.0268276911228895 0.553160786628723 0.231948390603065 0 0 0 0 0 0 0 0 0 0 0 0 0 0 0.517815113067627 0.0623572580516338 0.376992076635361 0.615630567073822 0.547393202781677 0.52742612361908 0.53391569852829 0.642133891582489 0.536019682884216 0.524397552013397 0.52746993303299 0.513761758804321 0.514242231845856 0.51306027173996 0.52071076631546 0.514921844005585 0.515248358249664 0.495046347379684 0.518542408943176 0.514849901199341 0.506644308567047 0.51356440782547 0.554793179035187 0.522891998291016
0.544123351573944 0.116883419454098 0 0.87369841337204 0.620242536067963 0 0 0 0 0 0 0 0.499931991100311 0.527682423591614 0.510662257671356 0.0845167115330696 0 0.00825983006507158 0 0 0 0 0 0.593939125537872 0.510769963264465 0 0.532501041889191 0.535198926925659 0.531497955322266 0.531862556934357 0.519316852092743 0.513092935085297 0.520003020763397 0.533389568328857 0.527722179889679 0.506106376647949 0.504580140113831 0.510511457920074 0.502956748008728 0.505241692066193 0.50728839635849 0.505179405212402 0.495925217866898 0.493007332086563 0.506122767925262 0.52890020608902 0.520346820354462
0.490230947732925 0.0801541283726692 0 0 0.50950014591217 0 0 0 0 0 0 0 0 0.379842549562454 0.00379987503401935 0 0 0 0 0 0 0.00795546546578407 0.713361442089081 0.698384523391724 0.688022971153259 0.571421325206757 0.532766938209534 0.533736646175385 0.52646279335022 0.528144538402557 0.518567442893982 0.516467332839966 0.510093867778778 0.521227955818176 0.528710782527924 0.507595598697662 0.50343930721283 0.520318269729614 0.501987040042877 0.497495800256729 0.497927695512772 0.503738284111023 0.491046249866486 0.505412459373474 0.519798815250397 0.503095805644989 0.504892230033875
0 0 0 0 0 0 0 0 0 0 0 0 0 0 0 0 0 0 0 0 0.638402462005615 0.507959723472595 0.523512542247772 0.542289853096008 0.530239939689636 0.524539530277252 0.518349051475525 0.520499348640442 0.50456428527832 0.526029348373413 0.516607999801636 0.5263432264328 0.512203872203827 0.501422822475433 0.518686652183533 0.505631446838379 0.511812388896942 0.515790402889252 0.486948192119598 0.497570842504501 0.505422592163086 0.497487336397171 0.493895947933197 0.491473257541656 0.505132734775543 0.52603417634964 0.516945421695709
0 0 0 0 0 0 0 0 0 0 0 0 0 0 0.0259299408644438 0 0.640977621078491 0.574580490589142 0.604977011680603 0.586405277252197 0.555877268314362 0.56765353679657 0.539776623249054 0.53340470790863 0.512492656707764 0.523834466934204 0.514203548431396 0.524267256259918 0.508511662483215 0.502886533737183 0.496408373117447 0.503884673118591 0.493328094482422 0.505284309387207 0.515743434429169 0.509855568408966 0.514681041240692 0.505250513553619 0.496572524309158 0.50278639793396 0.486653566360474 0.509099125862122 0.494164168834686 0.491786748170853 0.504516005516052 0.522212564945221 0.504816830158234
0 0 0.002580177038908 0 0 0 0 0 0 0 0 0 0 0 0 0.528414726257324 0.65561306476593 0.806737899780273 0.603130161762238 0.0284362360835075 0.000523375289049 0.499342560768127 0.618288457393646 0.515029549598694 0.509084522724152 0.506296634674072 0.51019012928009 0.510934054851532 0.51064920425415 0.512503623962402 0.511127531528473 0.502517402172089 0.489484786987305 0.501567423343658 0.491437137126923 0.507380306720734 0.494650304317474 0.502644717693329 0.491053104400635 0.500852048397064 0.491260796785355 0.511030495166779 0.503718316555023 0.50536972284317 0.499754995107651 0.492510318756104 0.489579886198044
0.181760713458061 0.0122709050774574 0.438658207654953 0.0783737227320671 0 0 0 0 0 0 0 0 0 0 0 0 0 0.514759063720703 0.523793160915375 0 0 0.0935175716876984 0.579654574394226 0.535347819328308 0.519775450229645 0.520523011684418 0.502384185791016 0.507925927639008 0.509854674339294 0.495254069566727 0.491023033857346 0.487212926149368 0.449816018342972 0.438847094774246 0.442060470581055 0.494347363710403 0.484355360269547 0.431812286376953 0.492201894521713 0.493415534496307 0.489741414785385 0.492833852767944 0.496557235717773 0.49663844704628 0.495344310998917 0.489555716514587 0.490487456321716
0.115130372345448 0.683098793029785 0.645966649055481 0.495966404676437 0.651192247867584 0.556487560272217 0.272806704044342 0.0333835817873478 0 0 0 0 0 0 0.675410866737366 0.669243216514587 0.670377314090729 0 0.144912883639336 0.551950931549072 0 0.00858001690357924 0.604076862335205 0.522486805915833 0.513407588005066 0.507420539855957 0.497995138168335 0.49264532327652 0.493271112442017 0.502604424953461 0.485523998737335 0.492706388235092 0.483925968408585 0.432611703872681 0.483031213283539 0.333164244890213 0.486641436815262 0.485197424888611 0.449591606855392 0.494792580604553 0.494606703519821 0.504336893558502 0.496620118618011 0.500298619270325 0.489319860935211 0.493085622787476 0.486156314611435
0.630186080932617 0.694433331489563 0.619546175003052 0.584161221981049 0.547033429145813 0.565344095230103 0.539128005504608 0.608855605125427 0.3050437271595 0 0 0 0.116981476545334 0.61348831653595 0.587593495845795 0.624225974082947 0.803128063678741 0.553148150444031 0.527722477912903 0 0 0.50026923418045 0.515308797359467 0.499809145927429 0.495379567146301 0.489153355360031 0.488453805446625 0.483761012554169 0.483944773674011 0.48364919424057 0.484750181436539 0.483909636735916 0.486238986253738 0.416411638259888 0.484150588512421 0.48439359664917 0.489041149616241 0.487390965223312 0.494824081659317 0.492489963769913 0.485213398933411 0.495327234268188 0.489325284957886 0.490589410066605 0.492118775844574 0.500834107398987 0.493774145841599
