Integrated approach/envi/f_layer_20082017_OK2.asc
NCOLS 700 
NROWS 339 
XLLCORNER 69.699583261 
YLLCORNER -49.6595 
CELLSIZE 0.001 
NODATA_value -9999 
[rows 242 to 263 of 339, columns 240 to 287 of 700]
0.0535481087863445 0.121359117329121 0.101227499544621 0.118693351745605 0.151223734021187 0.11589402705431 0.343786835670471 0.195274412631989 0.0668476894497871 0.05691934004426 0.0629281625151634 0.0840531960129738 0.491119593381882 -9999 -9999 -9999 -9999 -9999 -9999 -9999 -9999 -9999 -9999 -9999 -9999 -9999 -9999 -9999 -9999 -9999 -9999 -9999 -9999 -9999 -9999 -9999 -9999 -9999 -9999 -9999 -9999 -9999 -9999 -9999 -9999 -9999 -9999 -9999
0.0806019455194473 0.216329500079155 0.143386140465736 0.482507795095444 0.503922879695892 0.482234239578247 0.150965332984924 0.122977294027805 0.127663269639015 0.0633584335446358 0.0856769606471062 0.284923583269119 0.169219985604286 0.489142537117004 0.537790715694427 -9999 -9999 -9999 -9999 -9999 -9999 -9999 -9999 -9999 -9999 -9999 -9999 -9999 -9999 -9999 -9999 -9999 -9999 -9999 -9999 -9999 -9999 -9999 -9999 -9999 -9999 -9999 -9999 -9999 -9999 -9999 -9999 -9999
0.329603284597397 0.14980536699295 0.302861154079437 0.143297672271729 0.284273445606232 0.139922648668289 0.0956851318478584 0.0595112256705761 0.0448255203664303 0.104934819042683 0.202136173844337 0.293239206075668 0.231869518756866 0.488888949155807 0.505446493625641 0.494523614645004 0.51403421163559 -9999 -9999 -9999 -9999 -9999 -9999 -9999 -9999 -9999 -9999 -9999 -9999 -9999 -9999 -9999 -9999 -9999 -9999 -9999 -9999 -9999 -9999 -9999 -9999 -9999 -9999 -9999 -9999 -9999 -9999 -9999
0.508114695549011 0.487760901451111 0.50177013874054 0.408500552177429 0.425656408071518 0.232948139309883 0.0669546201825142 0.0577565394341946 0.0799487829208374 0.0973320826888084 0.23184435069561 0.218599453568459 0.153978660702705 0.30282911658287 0.128352478146553 0.50814300775528 0.262776046991348 -9999 -9999 -9999 -9999 -9999 -9999 -9999 -9999 -9999 -9999 -9999 -9999 -9999 -9999 -9999 -9999 -9999 -9999 -9999 -9999 -9999 -9999 -9999 -9999 -9999 -9999 -9999 -9999 -9999 -9999 -9999
0.540320575237274 0.494315922260284 0.202366694808006 0.132709339261055 0.250203460454941 0.0607808493077755 0.0621490515768528 0.287604928016663 0.146231785416603 0.511400997638702 0.498609781265259 0.260501444339752 0.38768407702446 0.237871304154396 0.274789184331894 0.310333222150803 0.277797281742096 0.066651277244091 0.375406503677368 -9999 -9999 -9999 -9999 -9999 -9999 -9999 -9999 -9999 -9999 -9999 -9999 -9999 -9999 -9999 -9999 -9999 -9999 -9999 -9999 -9999 -9999 -9999 -9999 -9999 -9999 -9999 -9999 -9999
0.426929742097855 0.482447743415833 0.0551087372004986 0.0747378095984459 0.0527044981718063 0.195671498775482 0.137548789381981 0.301719754934311 0.512876272201538 0.483271479606628 0.307188004255295 0.229414939880371 0.167406037449837 0.308427214622498 0.498379498720169 0.484054088592529 0.0542754977941513 0.37478956580162 0.0949598774313927 0.179570481181145 -9999 -9999 -9999 -9999 -9999 -9999 -9999 -9999 -9999 -9999 -9999 -9999 -9999 -9999 -9999 -9999 -9999 -9999 -9999 -9999 -9999 -9999 -9999 -9999 -9999 -9999 -9999 -9999
0.269587635993958 0.479273289442062 0.123785980045795 0.0473112799227238 0.0790247991681099 0.155897885560989 0.142971947789192 0.529346168041229 0.481440752744675 0.236212730407715 0.272233158349991 0.35780143737793 0.521644651889801 0.497594892978668 0.225718006491661 0.107561327517033 0.111104227602482 0.0222548488527536 0.0889765396714211 0.135766193270683 0.543946743011475 -9999 -9999 -9999 -9999 -9999 -9999 -9999 -9999 -9999 -9999 -9999 -9999 -9999 -9999 -9999 -9999 -9999 -9999 -9999 -9999 -9999 -9999 -9999 -9999 -9999 -9999 -9999
0.489078223705292 0.316148430109024 0.0458072870969772 0.0465930886566639 0.138966158032417 0.169096171855927 0.480358898639679 0.492148399353027 0.247737899422646 0.101391047239304 0.14554600417614 0.490952730178833 0.21446605026722 0.494273781776428 0.063781350851059 0.134956076741219 0.0826744139194489 0.228610396385193 0.263337314128876 0.301177442073822 0.0639775022864342 0.53959047794342 -9999 -9999 -9999 -9999 -9999 -9999 -9999 -9999 -9999 -9999 -9999 -9999 -9999 -9999 -9999 -9999 -9999 -9999 -9999 -9999 -9999 -9999 -9999 -9999 -9999 -9999
0.0943405106663704 0.11200537532568 0.072118304669857 0.168831065297127 0.492719173431396 0.41514053940773 0.484673708677292 0.487864941358566 0.483967393636703 0.0747054368257523 0.193902626633644 0.108572989702225 0.0856589376926422 0.0640933588147163 0.0853962004184723 0.0540796779096127 0.262387454509735 0.119513541460037 0.0717253908514977 0.0509770028293133 0.162958920001984 0.277289539575577 -9999 -9999 -9999 -9999 -9999 -9999 -9999 -9999 -9999 -9999 -9999 -9999 -9999 -9999 -9999 -9999 -9999 -9999 -9999 -9999 -9999 -9999 -9999 -9999 -9999 -9999
0.0610224343836308 0.0729367807507515 0.200425028800964 0.322040796279907 0.263521641492844 0.490525364875793 0.520269393920898 0.121234089136124 0.442466884851456 0.481896251440048 0.174173593521118 0.0344466269016266 0.106546647846699 0.0545191913843155 0.0273102428764105 0.0225280299782753 0.196830868721008 0.196572065353394 0.169960930943489 0.279493272304535 0.0619086213409901 0.167031407356262 0.484145700931549 -9999 -9999 -9999 -9999 -9999 -9999 -9999 -9999 -9999 -9999 -9999 -9999 -9999 -9999 -9999 -9999 -9999 -9999 -9999 -9999 -9999 -9999 -9999 -9999 -9999
0.123424924910069 0.354432940483093 0.51025664806366 0.485874801874161 0.224280521273613 0.422949582338333 0.329133987426758 0.162595495581627 0.479940503835678 0.380631595849991 0.433043152093887 0.0911681056022644 0.123351491987705 0.201929673552513 0.0439736545085907 0.186759665608406 0.0739124640822411 0.131059557199478 0.223712131381035 0.192705675959587 0.245346888899803 0.0547393299639225 0.060563612729311 -9999 -9999 -9999 -9999 -9999 -9999 -9999 -9999 -9999 -9999 -9999 -9999 -9999 -9999 -9999 -9999 -9999 -9999 -9999 -9999 -9999 -9999 -9999 -9999 -9999
0.48855984210968 0.555885136127472 0.434917569160461 0.486818552017212 0.177645727992058 0.122049875557423 0.487363219261169 0.425422310829163 0.270125418901443 0.0452726371586323 0.0713474079966545 0.0312171149998903 0.0480456613004208 0.163933828473091 0.173902258276939 0.21566104888916 0.219679817557335 0.192766651511192 0.482238084077835 0.185802593827248 0.10240388661623 0.100596942007542 0.110778726637363 -9999 -9999 -9999 -9999 -9999 -9999 -9999 -9999 -9999 -9999 -9999 -9999 -9999 -9999 -9999 -9999 -9999 -9999 -9999 -9999 -9999 -9999 -9999 -9999 -9999
0.312015533447266 0.518583297729492 0.552864134311676 0.50294440984726 0.318911045789719 0.260775923728943 0.237244501709938 0.153437867760658 0.111568450927734 0.0342606492340565 0.158772319555283 0.486867606639862 0.0407940335571766 0.0290620028972626 0.259660959243774 0.0421052686870098 0.104850374162197 0.131366297602654 0.127488479018211 0.149529173970222 0.0420694351196289 0.0662486925721169 0.0336499884724617 -9999 -9999 -9999 -9999 -9999 -9999 -9999 -9999 -9999 -9999 -9999 -9999 -9999 -9999 -9999 -9999 -9999 -9999 -9999 -9999 -9999 -9999 -9999 -9999 -9999
0.168616428971291 0.315447598695755 0.365148067474365 0.396898150444031 0.374594181776047 0.169359087944031 0.142734587192535 0.275213062763214 0.131206318736076 0.181007087230682 0.0877037942409515 0.170760855078697 0.0694446638226509 0.101266175508499 0.233989402651787 0.193535789847374 0.177033245563507 0.119093626737595 0.0485540293157101 0.0271290894597769 0.0452438443899155 0.027371346950531 0.0754567012190819 -9999 -9999 -9999 -9999 -9999 -9999 -9999 -9999 -9999 -9999 -9999 -9999 -9999 -9999 -9999 -9999 -9999 -9999 -9999 -9999 -9999 -9999 -9999 -9999 -9999
0.481811553239822 0.225429132580757 0.240164175629616 0.146856486797333 0.058625727891922 0.203457176685333 0.126648262143135 0.0623779296875 0.0624596923589706 0.0336677320301533 0.0289998352527618 0.0720720291137695 0.142233625054359 0.14780293405056 0.50177788734436 0.295675307512283 0.185664221644402 0.0388885512948036 0.0184013471007347 0.0348175130784512 0.0223070215433836 0.061708852648735 0.0552465356886387 0.0608367435634136 0.722775340080261 -9999 -9999 -9999 -9999 -9999 -9999 -9999 -9999 -9999 -9999 -9999 -9999 -9999 -9999 -9999 -9999 -9999 -9999 -9999 -9999 -9999 -9999 -9999
0.486275285482407 0.526865541934967 0.485226362943649 0.449304223060608 0.136268377304077 0.0419949144124985 0.0731330066919327 0.0348474122583866 0.0275889728218317 0.110613219439983 0.171099424362183 0.432563692331314 0.138383194804192 0.221052959561348 0.497739970684052 0.412217378616333 0.300805598497391 0.0817650929093361 0.0217257831245661 0.0187761969864368 0.033174179494381 0.0650431513786316 0.148536369204521 0.164871513843536 0.0773449018597603 0.542932868003845 -9999 -9999 -9999 -9999 -9999 -9999 -9999 -9999 -9999 -9999 -9999 -9999 -9999 -9999 -9999 -9999 -9999 -9999 -9999 -9999 -9999 -9999
0.525379717350006 0.508960962295532 0.480077505111694 0.305058747529984 0.151735946536064 0.345817416906357 0.368265867233276 0.0835248753428459 0.204295352101326 0.110821552574635 0.213937565684319 0.511148929595947 0.298070192337036 0.503323078155518 0.52656751871109 0.492411136627197 0.0437331162393093 0.0291379690170288 0.0250263419002295 0.0585968978703022 0.220895826816559 0.110643029212952 0.133608996868134 0.41869243979454 0.175691843032837 0.493965059518814 0.579330086708069 -9999 -9999 -9999 -9999 -9999 -9999 -9999 -9999 -9999 -9999 -9999 -9999 -9999 -9999 -9999 -9999 -9999 -9999 -9999 -9999 -9999
0.607348501682281 0.275043278932571 0.495942324399948 0.0994649827480316 0.483628958463669 0.234459951519966 0.0476292707026005 0.042316947132349 0.0924637317657471 0.240210697054863 0.501063585281372 0.503550112247467 0.500144183635712 0.292107492685318 0.545020818710327 0.0748956277966499 0.289272397756577 0.0951431766152382 0.479814678430557 0.0993302091956139 0.111232452094555 0.301809936761856 0.27905747294426 0.099454365670681 0.449284762144089 0.389801502227783 0.333088010549545 0.532793343067169 -9999 -9999 -9999 -9999 -9999 -9999 -9999 -9999 -9999 -9999 -9999 -9999 -9999 -9999 -9999 -9999 -9999 -9999 -9999 -9999
0.321742236614227 0.145226925611496 0.139606177806854 0.485829502344131 0.137173905968666 0.173092544078827 0.121767126023769 0.0656056627631187 0.0431322269141674 0.0438032187521458 0.0400295220315456 0.056940421462059 0.0751360207796097 0.104877598583698 0.0213900860399008 0.0341495089232922 0.0277399569749832 0.0519931577146053 0.181503906846046 0.133183524012566 0.167884647846222 0.282159924507141 0.398261994123459 0.49249666929245 0.420016497373581 0.377837628126144 0.41383695602417 0.43689227104187 0.674846231937408 -9999 -9999 -9999 -9999 -9999 -9999 -9999 -9999 -9999 -9999 -9999 -9999 -9999 -9999 -9999 -9999 -9999 -9999 -9999
0.41387203335762 0.314975142478943 0.199753537774086 0.178335085511208 0.0992128476500511 0.19760225713253 0.0523807108402252 0.0451880991458893 0.0640359744429588 0.0496554225683212 0.0731522962450981 0.0698779076337814 0.0952897742390633 0.111123643815517 0.0154594304040074 0.0780004933476448 0.0727222636342049 0.20835280418396 0.0725709348917007 0.178879633545876 0.132864281535149 0.234217703342438 0.480306416749954 0.440266698598862 0.483240842819214 0.483322501182556 0.42547082901001 0.498354762792587 0.488299936056137 0.63269180059433 0.417159557342529 0.807819485664368 0.851948380470276 0.503625392913818 -9999 -9999 -9999 -9999 -9999 -9999 -9999 -9999 -9999 -9999 -9999 -9999 -9999 -9999
0.186533465981483 0.113224633038044 0.0894923880696297 0.12060185521841 0.167085722088814 0.0422925762832165 0.124211005866528 0.0539450459182262 0.0610619746148586 0.108727306127548 0.102646492421627 0.0324541330337524 0.0260464251041412 0.055168379098177 0.0519299209117889 0.0761175975203514 0.0942942500114441 0.0489415563642979 0.231322109699249 0.242039322853088 0.502673506736755 0.484644740819931 0.480775088071823 0.520195305347443 0.486646294593811 0.292329490184784 0.506507396697998 0.534636437892914 0.398378878831863 0.437814384698868 0.502354204654694 0.638791143894196 0.486508667469025 0.608503758907318 0.587265372276306 0.692920625209808 0.721741914749146 -9999 -9999 -9999 -9999 -9999 -9999 -9999 -9999 -9999 -9999 -9999
0.0799790322780609 0.0767780691385269 0.0637167915701866 0.0329457744956017 0.0294522643089294 0.173452869057655 0.142748057842255 0.31736621260643 0.0585056096315384 0.0510161109268665 0.0338540524244308 0.049639355391264 0.0320183075964451 0.0775193721055984 0.218743324279785 0.500068724155426 0.494862526655197 0.487345606088638 0.500494480133057 0.48682513833046 0.481481641530991 0.333929687738419 0.341798901557922 0.280775457620621 0.142948627471924 0.486152410507202 0.487230956554413 0.0671868920326233 0.224159002304077 0.125644758343697 0.198909744620323 0.374914616346359 0.595917880535126 0.686067879199982 0.686387300491333 0.52301687002182 0.576152682304382 0.578164994716644 0.638449251651764 0.635873019695282 0.633788347244263 0.72380793094635 -9999 -9999 -9999 -9999 -9999 -9999
