Integrated approach/envi/f_layer_20082017_OK2.asc
NCOLS 700 
NROWS 339 
XLLCORNER 69.699583261 
YLLCORNER -49.6595 
CELLSIZE 0.001 
NODATA_value -9999 
[rows 110 to 131 of 339, columns 336 to 383 of 700]
0.0181745458394289 0.028346223756671 0.0145532684400678 0.0151766389608383 0.0225144978612661 0.0230790693312883 0.0246120411902666 0.0286696553230286 0.0147435590624809 0.0640976503491402 0.0122100217267871 0.0201636292040348 0.035825427621603 0.0221075844019651 0.0130734099075198 0.0424942374229431 0.0444546081125736 0.0608343072235584 0.0274605024605989 0.020648468285799 0.012223114259541 0.00328807812184095 0.00658025220036507 0.00330519583076239 0.00774182053282857 0.00575124239549041 0.0116974068805575 0.0425244569778442 0.25463342666626 0.0526914484798908 0.0346495173871517 0.195213258266449 0.00977367255836725 0.0125762773677707 0.00633971346542239 0.0110213225707412 0.00647679669782519 0.0107999006286263 0.00690069003030658 0.00918297376483679 0.0271527227014303 0.00484574120491743 0.0197372231632471 0.0422376878559589 0.0245175417512655 0.00488905468955636 0.0154790319502354 0.00676014134660363
0.0235014837235212 0.0311458241194487 0.0544699691236019 0.02837735414505 0.018167968839407 0.0191292036324739 0.0258464459329844 0.0261494442820549 0.0163973551243544 0.02298847399652 0.0176174230873585 0.0270457565784454 0.0256819557398558 0.0271413084119558 0.0080726258456707 0.0367691665887833 0.0129439746960998 0.0150743015110493 0.0183451715856791 0.0592001564800739 0.0073370928876102 0.0160662494599819 0.0235087368637323 0.00554512301459908 0.00710614351555705 0.00379082816652954 0.0164944250136614 0.0450949110090733 0.0383632406592369 0.0194828119128942 0.0403195880353451 0.0238289311528206 0.00898787938058376 0.022779269143939 0.0253947526216507 0.0175714008510113 0.0309652369469404 0.0132025582715869 0.00736868707463145 0.00694618606939912 0.0216367617249489 0.00630825245752931 0.00320731545798481 0.00830555614084005 0.00580424442887306 0.00756797706708312 0.0116733713075519 0.0181840639561415
0.0179985444992781 0.0617059506475925 0.0544417537748814 0.0337104611098766 0.042280986905098 0.018020598217845 0.0175985638052225 0.0121033592149615 0.0182810258120298 0.00959969777613878 0.0951700285077095 0.0780859068036079 0.0348714627325535 0.0331656225025654 0.0100371977314353 0.0437477380037308 0.0271482095122337 0.0271264314651489 0.0128901293501258 0.0326801501214504 0.0503493100404739 0.0147536871954799 0.0277633368968964 0.0378672294318676 0.0116581087931991 0.00731474533677101 0.0152223743498325 0.0470815151929855 0.0727559328079224 0.0415872037410736 0.0074529405683279 0.00654802611097693 0.013104741461575 0.0426072217524052 0.0168383419513702 0.0119019979611039 0.0188355874270201 0.0149989379569888 0.0131719494238496 0.0472249835729599 0.0188068021088839 0.00851497240364552 0.0138250226154923 0.0133614866062999 0.0058259847573936 0.0123891793191433 0.00973270926624537 0.0165573190897703
0.0299467723816633 0.0716257467865944 0.0237063746899366 0.0216562245041132 0.0237045902758837 0.025698846206069 0.0158302802592516 0.0267022531479597 0.0730973929166794 0.0198287162929773 0.024973152205348 0.031769160181284 0.0417220294475555 0.0293126385658979 0.0302137415856123 0.0207522045820951 0.0136607363820076 0.0390041656792164 0.0237026736140251 0.0273476243019104 0.0611650161445141 0.094906248152256 0.108783014118671 0.0143913477659225 0.00719982152804732 0.0201904103159904 0.0116956047713757 0.0382568389177322 0.0346467606723309 0.0293565839529037 0.00727996975183487 0.0126159824430943 0.0172595139592886 0.0878603681921959 0.0297567322850227 0.01548957452178 0.0232287719845772 0.0110701275989413 0.0130510926246643 0.0137346088886261 0.02350221760571 0.0334748215973377 0.014226321130991 0.0175103358924389 0.00620249891653657 0.00464250193908811 0.0241960193961859 0.0104627506807446
0.0198073908686638 0.0293237585574389 0.012180951423943 0.0200917888432741 0.0298945736140013 0.0109196826815605 0.0327405855059624 0.0137603953480721 0.0344338305294514 0.0290019009262323 0.0527499653398991 0.0272972658276558 0.0198798421770334 0.0195865258574486 0.00577614270150661 0.0262137893587351 0.0211957339197397 0.0176726561039686 0.0208538323640823 0.0184766259044409 0.0217840690165758 0.034917064011097 0.0130545189604163 0.0234982129186392 0.0405039973556995 0.0191805493086576 0.0127093009650707 0.0203469805419445 0.00884497165679932 0.0107986638322473 0.0100943921133876 0.0210558399558067 0.0148070305585861 0.00723716383799911 0.0136513160541654 0.0336625836789608 0.0167854931205511 0.0332978069782257 0.0541383624076843 0.0412845462560654 0.024837963283062 0.018360948190093 0.0108350925147533 0.00632534129545093 0.0116229467093945 0.0181143041700125 0.0474102832376957 0.0177634656429291
0.0194214526563883 0.0267627108842134 0.0135900415480137 0.0260437503457069 0.0148887662217021 0.0125861363485456 0.0201471801847219 0.0179312825202942 0.0216365400701761 0.0307642463594675 0.0233716666698456 0.0342674478888512 0.068471759557724 0.0463241934776306 0.0318299829959869 0.0212777238339186 0.0318311378359795 0.0230524465441704 0.0185774341225624 0.032153032720089 0.0158517230302095 0.0196299757808447 0.0459434650838375 0.0119494954124093 0.0173059199005365 0.030758423730731 0.0165989752858877 0.0131905423477292 0.0347624756395817 0.0371639020740986 0.0107801705598831 0.0108252065256238 0.00907601322978735 0.015474908053875 0.0150830717757344 0.0197342075407505 0.0141995428130031 0.0199452098459005 0.033688347786665 0.0196512285619974 0.0363957732915878 0.00820287503302097 0.0247852224856615 0.0166667457669973 0.0146007528528571 0.0101586254313588 0.024060757830739 0.0371632240712643
0.0207485761493444 0.0129692135378718 0.0426818914711475 0.0688622295856476 0.212370336055756 0.0304780602455139 0.0224123746156693 0.0172363687306643 0.0100658731535077 0.0149704851210117 0.0206413436681032 0.0220233649015427 0.020289259031415 0.018689950928092 0.0206654518842697 0.0162081830203533 0.0178682915866375 0.0187824871391058 0.0386295206844807 0.0162955615669489 0.0569433234632015 0.0306594148278236 0.0722137466073036 0.0134637849405408 0.012784200720489 0.0235124547034502 0.0340755768120289 0.0135565148666501 0.0197635721415281 0.0165207367390394 0.0148157067596912 0.0295308064669371 0.0234068911522627 0.0247648935765028 0.0187935251742601 0.0572441108524799 0.0335967317223549 0.0151079474017024 0.0162069275975227 0.0161124430596828 0.0109251523390412 0.0247304420918226 0.0240415316075087 0.0319030247628689 0.0257698446512222 0.0183410998433828 0.0310884471982718 0.0155286667868495
0.0172950401902199 0.0201700497418642 0.00703324424102902 0.0290921255946159 0.0249634310603142 0.00851763132959604 0.0140005992725492 0.0270804464817047 0.0192505568265915 0.0454766489565372 0.0394836068153381 0.0318856723606586 0.0195536464452744 0.0227572992444038 0.0285402853041887 0.043355505913496 0.0145591646432877 0.0128307789564133 0.0309198666363955 0.020509822294116 0.0778152570128441 0.00843513663858175 0.0106642730534077 0.0113187655806541 0.0083550876006484 0.0289513003081083 0.0235076937824488 0.01600924693048 0.0167744178324938 0.0125681767240167 0.0335098691284657 0.010664738714695 0.0229484234005213 0.0325237847864628 0.0062927883118391 0.0354315377771854 0.0238258615136147 0.00987005047500134 0.011744542978704 0.0045550293289125 0.00539863063022494 0.0117583898827434 0.0111354105174541 0.00945983733981848 0.00706218415871263 0.0132812410593033 0.00635993480682373 0.00830949749797583
0.0245633665472269 0.0502315424382687 0.0105032613500953 0.0277929380536079 0.0339182950556278 0.0222554560750723 0.0288107395172119 0.027642635628581 0.0263995807617903 0.0344332456588745 0.0162280090153217 0.0146608026698232 0.0148057667538524 0.0262338276952505 0.0245342496782541 0.0235291365534067 0.0374714992940426 0.0534342937171459 0.0164281073957682 0.00723842298611999 0.0112353404983878 0.037678062915802 0.0129936067387462 0.0202681757509708 0.025954270735383 0.0151831684634089 0.0169295128434896 0.0341957621276379 0.0143009060993791 0.0181552600115538 0.0104584097862244 0.0152626102790236 0.00783691555261612 0.00901028513908386 0.0163199100643396 0.00702667981386185 0.0176770612597466 0.0097840828821063 0.0424348413944244 0.005400650203228 0.00700832018628716 0.00357050425373018 0.00500425696372986 0.00226606498472393 0.0202563311904669 0.0122168324887753 0.0139371892437339 0.0163125991821289
0.0261387545615435 0.0184440594166517 0.0423510782420635 0.0200365725904703 0.0100366184487939 0.0171241667121649 0.016362676396966 0.0294525995850563 0.0106395892798901 0.0248552039265633 0.0498656630516052 0.0314302556216717 0.202310189604759 0.0355250351130962 0.0138515653088689 0.0252051819115877 0.0464871935546398 0.0287739653140306 0.0380057170987129 0.0074174297042191 0.0155575377866626 0.0124617787078023 0.0175022352486849 0.0104170851409435 0.0188137926161289 0.025000087916851 0.0213621463626623 0.0222461391240358 0.0367380157113075 0.0173254571855068 0.0269481334835291 0.0277360621839762 0.00891877990216017 0.0177661161869764 0.015862112864852 0.00403056479990482 0.00451516313478351 0.00824086833745241 0.00510830758139491 0.0066651520319283 0.00593598978593946 0.00453695189207792 0.00822614785283804 0.0167760159820318 0.0117742912843823 0.0127886338159442 0.0275551620870829 0.0135113904252648
0.0254170205444098 0.0169193912297487 0.0164180640131235 0.0334224067628384 0.0757597386837006 0.0328999534249306 0.0142525965347886 0.0252253394573927 0.0455024987459183 0.0172260571271181 0.0278911907225847 0.0378018282353878 0.0275336038321257 0.04745127633214 0.0263960901647806 0.0135744363069534 0.0215403828769922 0.0380325391888618 0.027190463617444 0.0429294668138027 0.0132033312693238 0.0116100301966071 0.0260877106338739 0.0494099743664265 0.0277293343096972 0.0192973706871271 0.0137953208759427 0.021159702911973 0.0273134168237448 0.00748220505192876 0.0184773933142424 0.00525442371144891 0.00781495682895184 0.00727127445861697 0.00612299470230937 0.0154264196753502 0.0184063073247671 0.00977769121527672 0.0071500688791275 0.00359479687176645 0.00522579392418265 0.00378145719878376 0.0112419500946999 0.00837200693786144 0.0166712682694197 0.0176321994513273 0.0105352578684688 0.0178926326334476
0.0156229520216584 0.00946201663464308 0.0471927113831043 0.0269931498914957 0.0233911219984293 0.0129757048562169 0.0272378548979759 0.0325601510703564 0.0196422729641199 0.0262150689959526 0.241451933979988 0.0153839634731412 0.0229289755225182 0.0088327182456851 0.0175837967544794 0.0158798173069954 0.0125150633975863 0.0135633694007993 0.00706584006547928 0.0135939680039883 0.0315447859466076 0.00699171796441078 0.0119498679414392 0.0228768121451139 0.0124386912211776 0.00426648976281285 0.0327443480491638 0.0327108316123486 0.0117767602205276 0.0130599206313491 0.0136027308180928 0.0169672016054392 0.0108020873740315 0.0150059163570404 0.00697127869352698 0.00270637311041355 0.010331011377275 0.0458399243652821 0.00403926009312272 0.00649715913459659 0.00827890727669001 0.0164494533091784 0.0204223413020372 0.0198541805148125 0.0145690366625786 0.0199749190360308 0.0178928785026073 0.00648617884144187
0.0207436215132475 0.0256189461797476 0.0143405646085739 0.0355600193142891 0.0194996520876884 0.0232292283326387 0.00715988827869296 0.018724711611867 0.028108911588788 0.0290316436439753 0.0174512043595314 0.0418264679610729 0.042578186839819 0.0161300413310528 0.111767567694187 0.0226169247180223 0.00989239569753408 0.0129830613732338 0.0123385367915034 0.0131788635626435 0.00519016711041331 0.0108021041378379 0.0134150898084044 0.0186177603900433 0.0246801748871803 0.032297357916832 0.0175029132515192 0.0233164057135582 0.0179056134074926 0.0460339225828648 0.0100988121703267 0.0180355738848448 0.0214263964444399 0.00532071897760034 0.052846971899271 0.0169359277933836 0.0118167512118816 0.0228627268224955 0.0166721846908331 0.0242148917168379 0.0127016874030232 0.014913272112608 0.0458075441420078 0.0171867497265339 0.0172442030161619 0.0123332841321826 0.011777120642364 0.0143509590998292
0.0257116332650185 0.0291321650147438 0.024980066344142 0.0281959921121597 0.0259722899645567 0.0176362134516239 0.0182525832206011 0.0142419822514057 0.0233947206288576 0.022223087027669 0.0173454564064741 0.0133799100294709 0.043820459395647 0.0387207008898258 0.0113578997552395 0.0267620142549276 0.017853107303381 0.0236472990363836 0.00874910037964582 0.00814857427030802 0.0140855545178056 0.0198328923434019 0.0178714524954557 0.0177937224507332 0.0301878601312637 0.0141180129721761 0.0305022094398737 0.0515560247004032 0.00845138262957335 0.0470500886440277 0.00992817338556051 0.0373176485300064 0.0115426406264305 0.032150749117136 0.0202724393457174 0.0259120091795921 0.0191667266190052 0.0168016348034143 0.0166634600609541 0.0184986647218466 0.0178332068026066 0.0129748778417706 0.0124761387705803 0.0118876257911325 0.0192079823464155 0.0202648397535086 0.00943573843687773 0.00726286834105849
0.0338762290775776 0.0337637402117252 0.0367557853460312 0.021063432097435 0.0188538357615471 0.0303173791617155 0.0260195229202509 0.0241323877125978 0.0283455010503531 0.0323532409965992 0.0145283723250031 0.011299398727715 0.0199970379471779 0.0278576016426086 0.0121539980173111 0.0213755313307047 0.0102062467485666 0.00891801621764898 0.00394668988883495 0.017088295891881 0.0141572756692767 0.0081979613751173 0.0377117358148098 0.00614891992881894 0.0303691700100899 0.0256012305617332 0.0176068209111691 0.0296077057719231 0.0238941852003336 0.0119644897058606 0.0218423679471016 0.00884623639285564 0.0207036603242159 0.0187292117625475 0.0115451477468014 0.0139066716656089 0.0244676638394594 0.0169635694473982 0.0142592145130038 0.0152297392487526 0.0119774974882603 0.0199540592730045 0.00728892302140594 0.0135590210556984 0.0259170141071081 0.0186193883419037 0.025600902736187 0.0155901340767741
0.753454923629761 0.0124618140980601 0.0176837537437677 0.0198573637753725 0.0165241044014692 0.0272358115762472 0.0258687864989042 0.0340923219919205 0.018733911216259 0.0233247559517622 0.0270955320447683 0.0239659938961267 0.28018519282341 0.605886876583099 0.615906178951263 0.515393674373627 0.16506914794445 0.356058597564697 0.0161956734955311 0.0307789072394371 0.00923559349030256 0.019528878852725 0.00976028945297003 0.00910986308008432 0.0142313027754426 0.00831942725926638 0.0353023074567318 0.0275919064879417 0.0152669055387378 0.0180741995573044 0.0222506001591682 0.0127683384343982 0.01639399304986 0.0406187735497952 0.0260573383420706 0.0209877509623766 0.0412757210433483 0.0111392550170422 0.00872522126883268 0.0291069522500038 0.013459843583405 0.0174714680761099 0.0141213713213801 0.01846076361835 0.0118404505774379 0.0185912288725376 0.00944421533495188 0.0218879301100969
0.517740309238434 0.0155813144519925 0.0129777528345585 0.0198330152779818 0.0169825237244368 0.0274142120033503 0.00779104419052601 0.0244308616966009 0.0242507886141539 0.0278090257197618 0.0266352891921997 0.0261620506644249 0.538085341453552 0.601304411888123 -9999 -9999 -9999 0.133853390812874 0.0205144770443439 0.0155993960797787 0.0237055066972971 0.0340987257659435 0.0113744512200356 0.0248645786195993 0.0199268255382776 0.00858331564813852 0.0120540224015713 0.0303250309079885 0.0298858135938644 0.014833970926702 0.00997183565050364 0.013112005777657 0.0117041580379009 0.0216607227921486 0.0225503798574209 0.0104441940784454 0.0282640140503645 0.0187667328864336 0.0178875718265772 0.0226760227233171 0.0547567456960678 0.0351191870868206 0.0265492033213377 0.0140025271102786 0.0180126260966063 0.0295319315046072 0.00872248318046331 0.0128804622218013
0.0438118688762188 0.0155227342620492 0.0228735003620386 0.0165095496922731 0.016408359631896 0.0184668097645044 0.0238072518259287 0.0206698775291443 0.0174244716763496 0.0268298964947462 0.0243777614086866 0.102356933057308 0.644336700439453 0.535956978797913 0.618457913398743 0.668450891971588 0.513720989227295 0.493062496185303 0.0507877618074417 0.0161479376256466 0.0258066635578871 0.0112149966880679 0.0498401634395123 0.014331960119307 0.0290048327296972 0.0264505837112665 0.0146957030519843 0.0171287059783936 0.0240412503480911 0.0140487551689148 0.0104901185259223 0.0122350491583347 0.0304220225661993 0.0063844290561974 0.0335910841822624 0.0194413345307112 0.0175918955355883 0.0086337560787797 0.0200362764298916 0.0178370773792267 0.017438530921936 0.0166922267526388 0.0183464102447033 0.0180035922676325 0.0135817034170032 0.0219009276479483 0.0142162600532174 0.0226673111319542
0.031420674175024 0.0127180544659495 0.0214834362268448 0.0297024678438902 0.0223678816109896 0.0480295121669769 0.013213180936873 0.0218867603689432 0.0132257668301463 0.0240231361240149 0.0339968316257 0.0202643666416407 0.0270245969295502 0.511063933372498 0.0838131234049797 0.310757786035538 0.177569404244423 0.10212817043066 0.00614928593859076 0.0233938153833151 0.00607555313035846 0.0212455932050943 0.0140899382531643 0.016983900219202 0.0352318026125431 0.024307556450367 0.0211959164589643 0.0167679097503424 0.0397942885756493 0.011105771176517 0.0186472553759813 0.0378783605992794 0.0290985126048326 0.0128354271873832 0.0254309866577387 0.0159392058849335 0.016054829582572 0.0185385718941689 0.0137322684749961 0.0222812127321959 0.0148133402690291 0.0198953486979008 0.0142002142965794 0.0241390522569418 0.016383895650506 0.0153371579945087 0.021132230758667 0.048681303858757
0.0238308291882277 0.0212469194084406 0.0335321053862572 0.0255331303924322 0.0221875850111246 0.0187326446175575 0.0173816829919815 0.0129604637622833 0.0118097849190235 0.0212140083312988 0.0619784630835056 0.0223944634199142 0.0226088315248489 0.0266258399933577 0.0124318413436413 0.0606832168996334 0.00742553034797311 0.0429296083748341 0.00306260050274432 0.00422520423308015 0.0230296347290277 0.0480711944401264 0.0144610060378909 0.0156522206962109 0.0101976515725255 0.0117993019521236 0.027581499889493 0.0229536797851324 0.0201886985450983 0.0172968413680792 0.00958381965756416 0.0140346577391028 0.0317415967583656 0.0149451931938529 0.0209949091076851 0.0114327752962708 0.0154614662751555 0.0173718836158514 0.0165196005254984 0.0134503459557891 0.0428725518286228 0.0295058432966471 0.0238999202847481 0.0288016945123672 0.0120408767834306 0.0141885606572032 0.0124941049143672 0.00971991661936045
0.0165480524301529 0.0321343392133713 0.0139797665178776 0.0252349581569433 0.022287780418992 0.0236450079828501 0.0300468504428864 0.022577403113246 0.0430697239935398 0.0252893697470427 0.0155700715258718 0.00815876852720976 0.0125586995854974 0.0388549007475376 0.0209653750061989 0.0369858257472515 0.0180247463285923 0.0535875260829926 0.0336171872913837 0.0169375520199537 0.0342298932373524 0.0147163830697536 0.0282206609845161 0.0269357785582542 0.0262939166277647 0.0229251254349947 0.0228430237621069 0.0186003837734461 0.0250356141477823 0.0329584069550037 0.0243616178631783 0.0194376911967993 0.0151252364739776 0.0136613892391324 0.0161404125392437 0.0211748350411654 0.033141378313303 0.017586424946785 0.0126427263021469 0.00987081509083509 0.0104344636201859 0.0260047893971205 0.0141586689278483 0.025988170877099 0.0113622769713402 0.0101163415238261 0.0118886837735772 0.0125317238271236
0.0325368940830231 0.0164639838039875 0.0214733872562647 0.0243507102131844 0.0226604510098696 0.0141182085499167 0.0177085381001234 0.0189497899264097 0.0170722045004368 0.0381131134927273 0.0274896305054426 0.0196860432624817 0.0200709346681833 0.0188850276172161 0.0198489762842655 0.0316096469759941 0.0209934804588556 0.0248844232410192 0.0157963410019875 0.0180330350995064 0.034919623285532 0.0131946140900254 0.0570868849754333 0.012164038605988 0.0222515892237425 0.052756804972887 0.0144359385594726 0.00883800629526377 0.0264897514134645 0.0091710276901722 0.01927131973207 0.0167971048504114 0.0178407616913319 0.0146285705268383 0.0128887416794896 0.020269488915801 0.0186236929148436 0.0166382696479559 0.0135014252737164 0.0274231899529696 0.0280181299895048 0.0236883014440536 0.0086084371432662 0.0109115513041615 0.00887393206357956 0.0111046200618148 0.0149341970682144 0.0113636143505573
