Integrated approach/envi/f_layer_20082017_OK2.asc
NCOLS 700 
NROWS 339 
XLLCORNER 69.699583261 
YLLCORNER -49.6595 
CELLSIZE 0.001 
NODATA_value -9999 
[rows 88 to 109 of 339, columns 240 to 287 of 700]
-9999 -9999 -9999 -9999 -9999 -9999 -9999 -9999 -9999 -9999 -9999 -9999 -9999 -9999 -9999 -9999 -9999 -9999 -9999 0.570582151412964 0.52631026506424 0.19697080552578 0.00953726470470428 0.0156693011522293 0.0142925856634974 0.0137471416965127 0.0105230072513223 0.0210735034197569 0.0151349687948823 0.0153967952355742 0.0174169335514307 0.00631025759503245 0.00425265496596694 0.00961404759436846 0.00605096342042089 0.00678224302828312 0.0290038343518972 0.00998213421553373 0.0219883248209953 0.00770336715504527 0.0186591669917107 0.015934944152832 0.0533426962792873 0.0187928583472967 0.0129596879705787 0.0159476101398468 0.0164829734712839 0.0134083740413189
-9999 -9999 -9999 -9999 -9999 -9999 -9999 -9999 -9999 -9999 -9999 -9999 -9999 -9999 -9999 -9999 -9999 -9999 -9999 0.546460926532745 0.0205216631293297 0.0188546925783157 0.0103750107809901 0.0168764721602201 0.0180747471749783 0.0169676914811134 0.0151413073763251 0.00510278157889843 0.0187384281307459 0.00690341787412763 0.00315980077721179 0.0121086724102497 0.0141919450834394 0.00580222858116031 0.0179787818342447 0.0186401270329952 0.0236478503793478 0.0207127537578344 0.0385502055287361 0.01127387303859 0.0142150176689029 0.040184747427702 0.0214139949530363 0.0309002529829741 0.0150379026308656 0.0141096329316497 0.0165739636868238 0.0140434354543686
-9999 -9999 -9999 -9999 -9999 -9999 -9999 -9999 -9999 -9999 -9999 -9999 -9999 -9999 -9999 -9999 -9999 -9999 0.534573197364807 0.0800497606396675 0.0159087926149368 0.01689019985497 0.0191174056380987 0.00980339292436838 0.01541752461344 0.00950867682695389 0.0117976730689406 0.0408308319747448 0.0146340727806091 0.0122849391773343 0.0622150450944901 0.0181983392685652 0.0615333579480648 0.668782770633698 0.0753437355160713 0.627745091915131 0.485245019197464 0.658884704113007 0.545501351356506 -9999 -9999 -9999 0.654961884021759 0.0419081151485443 0.0108832195401192 0.0167918689548969 0.0190824493765831 0.015665914863348
-9999 -9999 -9999 -9999 -9999 -9999 -9999 -9999 -9999 -9999 -9999 -9999 0.57189017534256 0.659799039363861 0.73730480670929 0.840697169303894 0.796084642410278 0.503526926040649 0.571493566036224 0.300873428583145 0.00433956366032362 0.00500760227441788 0.010323497466743 0.0110461749136448 0.0233545955270529 0.0248502921313047 0.0271807834506035 -9999 -9999 0.768648684024811 -9999 -9999 -9999 -9999 -9999 -9999 -9999 -9999 -9999 -9999 -9999 -9999 -9999 -9999 0.524793148040771 0.00794044602662325 0.0125505356118083 0.0249070357531309
-9999 -9999 -9999 -9999 -9999 -9999 -9999 -9999 -9999 -9999 -9999 -9999 0.623414576053619 0.541681170463562 0.0130647188052535 0.484039545059204 0.518235325813293 0.484661430120468 0.368132948875427 0.0178155712783337 0.0189635213464499 0.00957818049937487 0.0137090319767594 0.0176195856183767 0.0119985295459628 0.480255156755447 0.521418452262878 -9999 -9999 -9999 -9999 -9999 -9999 -9999 -9999 -9999 -9999 -9999 -9999 -9999 -9999 -9999 -9999 -9999 0.547129094600677 0.0142334811389446 0.0104361968114972 0.0199547410011292
-9999 -9999 -9999 -9999 -9999 -9999 -9999 -9999 -9999 -9999 -9999 -9999 0.744935154914856 0.64324539899826 0.568269193172455 0.057948749512434 0.609784722328186 0.48212656378746 0.508140683174133 0.0187992006540298 0.0125320823863149 0.0351015254855156 0.0235552731901407 0.0195399466902018 0.020543547347188 0.534350574016571 -9999 -9999 -9999 -9999 -9999 -9999 -9999 -9999 -9999 -9999 -9999 -9999 -9999 -9999 -9999 -9999 0.659565627574921 0.0684487298130989 0.0239329263567924 0.0190472546964884 0.0123166060075164 0.0272301267832518
-9999 -9999 -9999 -9999 -9999 -9999 -9999 -9999 -9999 -9999 -9999 -9999 0.675950407981873 0.564254701137543 0.634649693965912 0.538933157920837 0.373993039131165 0.0274366363883018 0.0262761767953634 0.0263990387320518 0.0296304207295179 0.0373207591474056 0.00762031180784106 0.0125892758369446 0.0285364389419556 0.00956586375832558 0.729355573654175 -9999 -9999 -9999 -9999 -9999 -9999 -9999 -9999 -9999 -9999 -9999 -9999 -9999 -9999 -9999 0.599111020565033 0.0280352998524904 0.0162357650697231 0.0210740715265274 0.0318930186331272 0.0119858449324965
-9999 -9999 -9999 -9999 -9999 -9999 -9999 -9999 -9999 -9999 -9999 -9999 0.524002611637115 0.0293651092797518 0.0281723607331514 0.0149600906297565 0.0146937184035778 0.0145238852128386 0.0226606223732233 0.0258066579699516 0.0219983886927366 0.0228776764124632 0.0107348682358861 0.030800124630332 0.0233266279101372 0.0260579083114862 0.0364155955612659 -9999 -9999 -9999 -9999 -9999 -9999 -9999 -9999 -9999 -9999 -9999 -9999 -9999 -9999 -9999 0.668706238269806 0.673288643360138 0.553268074989319 0.570440471172333 0.480834722518921 0.0125333406031132
-9999 -9999 -9999 -9999 -9999 -9999 -9999 -9999 -9999 0.523397862911224 0.556906819343567 0.531593501567841 0.0443903803825378 0.0191511958837509 0.0383957102894783 0.0433203391730785 0.0137157468125224 0.0168251749128103 0.0117000909522176 0.0155345620587468 0.0451774001121521 0.0090487552806735 0.013685037381947 0.0100651839748025 0.024518646299839 0.00637498684227467 0.00561371771618724 0.0531290955841541 0.161139652132988 0.54187399148941 0.592192530632019 0.791324019432068 -9999 -9999 -9999 -9999 -9999 -9999 -9999 -9999 -9999 -9999 -9999 0.64733350276947 -9999 -9999 -9999 0.0155052011832595
-9999 -9999 -9999 -9999 -9999 -9999 -9999 -9999 0.607321500778198 0.531370520591736 0.565560400485992 0.500464916229248 0.0286277327686548 0.0168636050075293 0.0293381530791521 0.0157135333865881 0.0245813578367233 0.0164302233606577 0.0200972873717546 0.00908787455409765 0.0131184132769704 0.0252355430275202 0.0214078202843666 0.00651915743947029 0.0244955141097307 0.0152055462822318 0.0188396237790585 0.0122468732297421 0.0230587217956781 0.00605392782017589 0.0172551218420267 0.121272243559361 0.572263479232788 0.518900632858276 0.585264623165131 0.648471117019653 0.842860341072083 -9999 -9999 -9999 -9999 -9999 -9999 -9999 -9999 -9999 -9999 0.0568950586020947
-9999 -9999 -9999 -9999 -9999 -9999 -9999 -9999 0.574635446071625 0.536115944385529 0.49736076593399 0.503324747085571 0.173087820410728 0.0218883287161589 0.0190335121005774 0.0214773137122393 0.0115387393161654 0.0147155961021781 0.0170976351946592 0.0254796389490366 0.0125206420198083 0.105518512427807 0.0171989928930998 0.0185933373868465 0.0185364540666342 0.0158731937408447 0.0230517890304327 0.00895950105041265 0.0428479611873627 0.0376111343502998 0.017613124102354 0.0136005068197846 0.0220653805881739 0.0185484625399113 0.0176374241709709 0.0101226083934307 0.565444767475128 0.642608284950256 -9999 -9999 -9999 -9999 -9999 -9999 -9999 -9999 -9999 0.698119759559631
-9999 -9999 -9999 -9999 -9999 -9999 -9999 -9999 -9999 0.5020432472229 0.488921314477921 0.0341564416885376 0.0152980200946331 0.0172980055212975 0.0301800072193146 0.0223818514496088 0.0118522504344583 0.0196958240121603 0.0252517592161894 0.0181883554905653 0.0378806553781033 0.0327533297240734 0.0194268897175789 0.0141059430316091 0.00390889449045062 0.0321552269160748 0.0348265059292316 0.00993050169199705 0.0328666940331459 0.0354570262134075 0.0240589901804924 0.0220342855900526 0.0173440333455801 0.0226301643997431 0.0224987287074327 0.0113791106268764 0.0174339842051268 0.510514736175537 0.682365834712982 -9999 -9999 -9999 -9999 -9999 -9999 -9999 -9999 -9999
-9999 -9999 -9999 -9999 -9999 -9999 -9999 -9999 -9999 0.532357037067413 0.487658321857452 0.0237651821225882 0.0211011171340942 0.0101558798924088 0.017697574570775 0.0259855482727289 0.0226312726736069 0.0137553932145238 0.0254249665886164 0.0240591000765562 0.0204975251108408 0.00772413751110435 0.0240781381726265 0.018407229334116 0.00885949190706015 0.0218912344425917 0.0237931404262781 0.0337735712528229 0.0196742936968803 0.0159810576587915 0.0172465555369854 0.0291447509080172 0.0121464394032955 0.0237252023071051 0.0215700436383486 0.0222213920205832 0.0370559617877007 0.00660545798018575 0.647799432277679 -9999 -9999 -9999 -9999 -9999 -9999 -9999 -9999 -9999
0.479731053113937 0.727747976779938 -9999 -9999 -9999 -9999 -9999 -9999 0.66808009147644 0.599435329437256 0.511195421218872 0.0184980630874634 0.0176834296435118 0.0218213945627213 0.0330513454973698 0.0163973476737738 0.0103741772472858 0.0224847290664911 0.0130359726026654 0.0119974538683891 0.0198655184358358 0.0175221394747496 0.0287269409745932 0.0121655398979783 0.0267341416329145 0.0354945994913578 0.0124676749110222 0.0168101657181978 0.0113157341256738 0.0223000720143318 0.0158967990428209 0.0288751032203436 0.0295297726988792 0.0397153794765472 0.0134870177134871 0.0207206476479769 0.0199637766927481 0.0183146558701992 0.0393327176570892 0.560130059719086 0.648463606834412 -9999 -9999 -9999 -9999 -9999 -9999 -9999
0.0619159676134586 0.036169771105051 0.0322624780237675 0.571074903011322 0.558607280254364 0.482621699571609 0.507351100444794 0.764918565750122 0.597015380859375 0.387909650802612 0.226893737912178 0.0502517521381378 0.0242173690348864 0.04861855879426 0.0169616285711527 0.0117990234866738 0.0241171736270189 0.0170286949723959 0.0304394159466028 0.0123773431405425 0.0168589949607849 0.0159558597952127 0.0221184715628624 0.00886707287281752 0.0135217485949397 0.0255168881267309 0.0227880533784628 0.0101448660716414 0.013392485678196 0.0376175455749035 0.0229726489633322 0.0201383288949728 0.0278263036161661 0.0444851666688919 0.0107388757169247 0.0149218747392297 0.031054986640811 0.0223924592137337 0.0221818666905165 0.035129725933075 0.564221620559692 -9999 -9999 -9999 -9999 -9999 -9999 -9999
0.0183209273964167 0.0166648421436548 0.0212955456227064 0.0139867970719934 0.0675101578235626 0.265500992536545 0.491078853607178 0.511588335037231 0.30628290772438 0.0229148585349321 0.0229261424392462 0.0235203430056572 0.0169595293700695 0.0165694411844015 0.0251907762140036 0.021113308146596 0.0191530045121908 0.0205444376915693 0.0104417949914932 0.0217638779431581 0.0155408540740609 0.631036281585693 0.0355275608599186 0.0173850543797016 0.0501892566680908 0.0408239774405956 0.015171586535871 0.0228690877556801 0.0255970116704702 0.0131224552169442 0.00678255083039403 0.0283780228346586 0.0249571744352579 0.0219456572085619 0.0142535036429763 0.024842344224453 0.0231543388217688 0.033433835953474 0.0133847398683429 0.0197490602731705 0.417068690061569 0.691207647323608 -9999 -9999 -9999 -9999 -9999 -9999
0.0157117750495672 0.0105944415554404 0.0108050098642707 0.0222005154937506 0.0151342377066612 0.0134352995082736 0.032585620880127 0.0272569786757231 0.0157796870917082 0.024412052705884 0.0170651637017727 0.00950939301401377 0.0156825538724661 0.0107400296255946 0.0201862268149853 0.01371705904603 0.0160005465149879 0.0190462190657854 0.0184487588703632 0.0155474618077278 0.00815185997635126 0.502869129180908 0.497323513031006 0.0550178289413452 0.01534962374717 0.0189123619347811 0.0233820751309395 0.00978310313075781 0.0237937122583389 0.0171055030077696 0.031620766967535 0.0511218644678593 0.0187469143420458 0.056535679847002 0.0171681735664606 0.0202279277145863 0.025809096172452 0.0171601679176092 0.0138357616961002 0.0239193141460419 0.0534560680389404 0.133526623249054 -9999 -9999 -9999 -9999 -9999 -9999
0.0169402454048395 0.0229742228984833 0.020479591563344 0.0156483966857195 0.0115695716813207 0.0149626499041915 0.0282316971570253 0.0211071819067001 0.0139786405488849 0.0495899170637131 0.0514109246432781 0.0225672852247953 0.0285624340176582 0.022210443392396 0.0304298084229231 0.015733128413558 0.0271921399980783 0.00791030284017324 0.0161018781363964 0.019573986530304 0.0165856461971998 0.0249895751476288 0.481732040643692 0.0333236791193485 0.0270459745079279 0.0150989331305027 0.00892460905015469 0.0303134378045797 0.0145117370411754 0.024716779589653 0.0252098385244608 0.011453203856945 0.012484417296946 0.0256251264363527 0.0224815011024475 0.0393393747508526 0.0368941649794579 0.0326649434864521 0.0932637229561806 0.502188265323639 0.257057577371597 -9999 -9999 -9999 -9999 -9999 -9999 -9999
0.0321750827133656 0.0464023947715759 0.0139345033094287 0.0174040906131268 0.0346378423273563 0.0223561841994524 0.0257152859121561 0.0457782298326492 0.0160354562103748 0.0232838820666075 0.0222680401057005 0.0211886446923018 0.0216078292578459 0.0259248781949282 0.0199831761419773 0.0314920991659164 0.00948726572096348 0.0107398563995957 0.0174289010465145 0.0148538528010249 0.0161701161414385 0.0056599429808557 0.039355494081974 0.0143180070444942 0.0106632821261883 0.0145450532436371 0.0167666431516409 0.0157491117715836 0.015096646733582 0.0277194157242775 0.0180494282394648 0.0198291018605232 0.0172530133277178 0.0219068322330713 0.0101355249062181 0.0374590419232845 0.0273849684745073 0.0123518472537398 0.020009083673358 0.338453680276871 0.626809418201447 0.959125936031342 0.610615491867065 0.626176118850708 0.78032124042511 0.589317202568054 0.00969284772872925 0.637067019939423
-9999 -9999 0.0922673642635345 0.0362828485667706 0.0188017040491104 0.0494957864284515 0.0415229797363281 0.0441368781030178 0.033789474517107 0.0319455787539482 0.0404093600809574 -9999 -9999 -9999 -9999 -9999 0.0209577884525061 0.502560675144196 0.0245189592242241 0.0231393706053495 0.0171316303312778 0.0396741963922977 0.0599230639636517 0.0240631848573685 0.00641372846439481 0.0372331403195858 0.0133357457816601 0.0128800040110946 0.0133077092468739 0.0153720127418637 0.0291342083364725 0.0172027051448822 0.0188127215951681 0.0196422729641199 0.0108012473210692 0.0108782993629575 0.0170738641172647 0.0293046478182077 0.0150308860465884 0.0205899327993393 0.031077928841114 0.598609209060669 0.697135984897614 0.704751551151276 0.658333361148834 0.741822183132172 0.152493581175804 0.0146675044670701
-9999 -9999 -9999 -9999 -9999 0.373324006795883 0.342015653848648 0.574499189853668 0.495576202869415 0.0236803609877825 -9999 -9999 -9999 -9999 -9999 -9999 -9999 0.57637882232666 0.426608443260193 0.484063178300858 0.496361970901489 0.0146517446264625 0.0244207475334406 0.0212146360427141 0.0220898371189833 0.046227440237999 0.0133485309779644 0.0348483510315418 0.0213611572980881 0.0322151593863964 0.018527215346694 0.0188047084957361 0.0256739240139723 0.0158878900110722 0.015640739351511 0.0159593019634485 0.0131899053230882 0.0211344584822655 0.0138151226565242 0.0221977606415749 0.00755074247717857 0.0168773010373116 0.0551588945090771 0.691759049892426 0.749675929546356 0.807053804397583 0.210223615169525 0.025261452421546
-9999 -9999 -9999 -9999 -9999 -9999 -9999 -9999 -9999 -9999 -9999 -9999 -9999 -9999 -9999 -9999 -9999 0.542112648487091 0.122994087636471 0.54659229516983 0.0281964689493179 0.0132399061694741 0.0215511098504066 0.0234895944595337 0.0199962854385376 0.0297916363924742 0.0456713885068893 0.0197557527571917 0.0241066738963127 0.0120552070438862 0.0170977786183357 0.0197722185403109 0.0166578330099583 0.0234008952975273 0.0136682437732816 0.0216018334031105 0.0162651874125004 0.0154162952676415 0.0132728843018413 0.033799447119236 0.0199084673076868 0.0174448173493147 0.196296527981758 0.54614132642746 0.630165636539459 0.0065864440985024 0.0133415209129453 0.0255321655422449
