Integrated approach/envi/f_layer_09022017_OK2.asc
NCOLS 700 
NROWS 360 
XLLCORNER 69.699583261 
YLLCORNER -49.6595 
CELLSIZE 0.001 
NODATA_value -3.4e+38 
[rows 84 to 104 of 360, columns 611 to 657 of 700]
0.77153205871582 0.82872349023819 0.880997478961945 0.89460563659668 0.92590057849884 0.887308657169342 1 0.98657214641571 1 0.96355664730072 1 1 0.850797176361084 0.82849645614624 0.807708263397217 0.687266170978546 0.688042938709259 0.669612407684326 0.852633774280548 0.84821742773056 -3.4e+38 -3.4e+38 -3.4e+38 -3.4e+38 -3.4e+38 0.709253489971161 0.649053871631622 0.614921152591705 0.628300428390503 0.64481908082962 0.665125548839569 0.640714168548584 0.651999413967133 0.646678268909454 0.595649778842926 0.602289199829102 0.59066253900528 0.555010318756104 0.569923758506775 0.55963921546936 0.554388046264648 0.538954734802246 0.554851770401001 0.578882396221161 0.568102777004242 0.555395185947418 0.557268142700195
0.833756029605865 0.846388101577759 1 1 1 1 1 1 0.976367115974426 1 0.927762091159821 0.859008848667145 0.90583598613739 0.796175360679626 0.834692716598511 0.740346491336823 0.74106365442276 0.711209833621979 0.785115718841553 0.871488034725189 0.948673486709595 0.487233877182007 0.785187363624573 0.827827990055084 0.834165573120117 0.855919301509857 0.778075158596039 0.574910521507263 0.57306581735611 0.633549451828003 0.622690141201019 0.611293911933899 0.63299697637558 0.63474053144455 0.598999679088593 0.584059357643127 0.581811130046844 0.582532942295074 0.572335660457611 0.56560480594635 0.553247392177582 0.560620129108429 0.569083511829376 0.561764895915985 0.549469470977783 0.565122961997986 0.556830883026123
0.960412204265594 0.836552202701569 1 0.913860261440277 1 0.739247262477875 0.694889962673187 0.71054869890213 0.707622528076172 0.750120520591736 0.747301936149597 0.774387717247009 0.71017324924469 0.875452935695648 0.796719789505005 0.709640622138977 0.703280329704285 0.824763059616089 0.790759444236755 0.798131465911865 0.845346689224243 0.898777723312378 0.883593618869781 0.918492496013641 0.864536762237549 0.719270348548889 0.831385254859924 0.514681398868561 0.703926503658295 0.646988034248352 0.647128164768219 0.634162604808807 0.636173188686371 0.591638088226318 0.593683660030365 0.57971465587616 0.582781314849854 0.57042270898819 0.571211397647858 0.57339608669281 0.553901553153992 0.567409694194794 0.565199196338654 0.557205080986023 0.580392897129059 0.53585958480835 0.558034241199493
0.880050301551819 0.81503039598465 0.821105599403381 0.946897566318512 0.957313418388367 1 0.974466383457184 0.945237457752228 0.713198006153107 0.905900180339813 0.945500135421753 0.744999408721924 0.809045612812042 0.774167358875275 0.715237975120544 0.701396644115448 0.73124361038208 0.721985995769501 0.742331385612488 0.771611034870148 0.871532618999481 0.82529205083847 0.82231992483139 0.925960183143616 0.815354704856873 0.820614159107208 0.933945953845978 0.569692611694336 0.605592012405396 0.633469998836517 0.640568375587463 0.643418431282043 0.679431796073914 0.611736714839935 0.617093205451965 0.610436618328094 0.571387588977814 0.569027662277222 0.587143957614899 0.578905880451202 0.58538830280304 0.561229169368744 0.563764750957489 0.562067806720734 0.580302953720093 0.573705911636353 0.545912265777588
0.848646283149719 0.84992378950119 0.895543813705444 0.882687747478485 0.932060778141022 1 1 0.860434412956238 0.738782703876495 0.775882422924042 0.816330134868622 0.877900242805481 0.98895674943924 0.86898273229599 0.858734011650085 0.889872431755066 0.822633862495422 0.623831748962402 0.768909931182861 0.774663805961609 0.778340458869934 -3.4e+38 -3.4e+38 -3.4e+38 0.761336743831635 0.754936575889587 0.819048762321472 0.59929758310318 0.501565277576447 0.596935749053955 0.612301468849182 0.646540820598602 0.644040405750275 0.638027131557465 0.612873435020447 0.608463764190674 0.599838197231293 0.596858859062195 0.60172301530838 0.586357533931732 0.586126267910004 0.571175694465637 0.586507976055145 0.566431224346161 0.557715177536011 0.557255208492279 0.562374889850616
0.852604389190674 0.807356238365173 0.877345442771912 0.85066419839859 0.877463579177856 0.934790670871735 0.95694100856781 0.926863253116608 0.941306829452515 0.725339531898499 0.973649203777313 0.747187495231628 0.680974423885345 0.717995524406433 0.770031988620758 0.765633285045624 0.77590799331665 0.769570469856262 0.863884925842285 0.863644778728485 0.783509075641632 -3.4e+38 -3.4e+38 -3.4e+38 0.52490645647049 0.801244854927063 0.735718011856079 0.58465039730072 0.611325860023499 0.635996282100677 0.624770641326904 0.585578322410583 0.594339609146118 0.617408215999603 0.597536146640778 0.595782935619354 0.587193727493286 0.615107893943787 0.560247123241425 0.575814247131348 0.592875123023987 0.595063269138336 0.583999812602997 0.577129065990448 0.575135111808777 0.567943096160889 0.569407165050507
0.776070356369019 0.739704489707947 0.800213515758514 0.854606032371521 0.839620530605316 0.862864911556244 0.634948015213013 0.817289173603058 0.690389096736908 0.706253111362457 0.841905176639557 0.679920613765717 0.752077519893646 0.804583489894867 0.751176238059998 0.780705451965332 0.690494656562805 0.675271689891815 0.749500513076782 0.748002171516418 0.752414286136627 -3.4e+38 -3.4e+38 -3.4e+38 -3.4e+38 0.631671190261841 0.624758780002594 0.641767263412476 0.577867925167084 0.571655035018921 0.631367325782776 0.612301766872406 0.593558728694916 0.568829238414764 0.583637118339539 0.579551756381989 0.603128850460052 0.58800345659256 0.600816071033478 0.608025312423706 0.574536502361298 0.601315557956696 0.576167047023773 0.611812829971313 0.576967477798462 0.575050890445709 0.562884330749512
0.673915803432465 0.742298543453217 0.820418417453766 0.812749922275543 0.816562712192535 0.758143842220306 0.716884851455688 0.717273473739624 0.693553030490875 0.738501667976379 0.707756280899048 0.687963485717773 0.835942924022675 0.746255397796631 0.724268794059753 0.779597640037537 0.827318668365479 0.760000169277191 0.604758143424988 0.692148149013519 0.671344339847565 0.670401394367218 -3.4e+38 -3.4e+38 -3.4e+38 -3.4e+38 0.822730660438538 0.497668534517288 0.737387359142303 0.613115966320038 0.733111083507538 0.638557612895966 0.60506397485733 0.600788414478302 0.604948103427887 0.607113838195801 0.588456571102142 0.599869310855865 0.59621274471283 0.618751108646393 0.606748938560486 0.6249018907547 0.58949089050293 0.600318133831024 0.578965842723846 0.582502603530884 0.582925200462341
0.637898027896881 0.693936109542847 0.815254867076874 0.851968884468079 0.94613128900528 0.875243723392487 0.820045113563538 0.724595248699188 0.652957201004028 0.649724066257477 0.745536208152771 0.941209733486176 0.964336097240448 0.846159040927887 0.801695823669434 0.974475979804993 -3.4e+38 -3.4e+38 -3.4e+38 0.726768374443054 0.648933947086334 0.70738410949707 0.67152726650238 0.0898469090461731 0.495356321334839 0.902858734130859 0.717429637908936 0.612352132797241 0.638770878314972 0.61966872215271 0.605294823646545 0.585630178451538 0.606364488601685 0.725079476833344 0.611154973506927 0.576568186283112 0.595838069915771 0.598247826099396 0.611861288547516 0.669004440307617 0.569581925868988 0.604099810123444 0.612978518009186 0.578473508358002 0.60644143819809 0.584782421588898 0.587214231491089
0.619488537311554 0.696385860443115 0.777223646640778 0.828612148761749 1 0.810444891452789 0.818648993968964 0.663030087947845 0.623932778835297 0.651616096496582 0.666635513305664 0.865010678768158 0.897890686988831 0.847204566001892 0.789399087429047 0.795134782791138 -3.4e+38 -3.4e+38 -3.4e+38 0.80238002538681 0.785861849784851 0.794065892696381 0.619497776031494 0.60916143655777 0.623092353343964 0.621261179447174 0.594673812389374 0.579044222831726 0.75236177444458 0.494413435459137 0.505012214183807 0.581313908100128 0.527806103229523 0.489711493253708 0.502572059631348 0.492842882871628 0.638788044452667 0.643288969993591 0.603592693805695 0.595385491847992 0.634175479412079 0.598845541477203 0.611663699150085 0.582586348056793 0.558344781398773 0.630551755428314 0.590648829936981
-3.4e+38 0.160511150956154 0.716215372085571 0.798387110233307 0.851415395736694 0.976042449474335 0.695463120937347 0.627942621707916 0.670282900333405 0.664377212524414 0.802198171615601 0.775798738002777 0.902461886405945 0.872200548648834 0.829122006893158 0.828414678573608 0.82701188325882 0.758444309234619 0.808155596256256 0.841885149478912 0.834724545478821 0.719329118728638 0.702375054359436 0.660535871982574 0.785277009010315 0.542194664478302 0.492462188005447 0.876043379306793 0.714543402194977 0.525027334690094 0.751855731010437 0.554963707923889 0.580810248851776 0.560092985630035 0.522284328937531 0.509034097194672 0.57663482427597 0.586190581321716 0.609794139862061 0.584432780742645 0.615546226501465 0.609303891658783 0.601237833499908 0.598196864128113 0.559916973114014 0.579527020454407 0.56455397605896
-3.4e+38 0.057082787156105 0.689281225204468 0.765043556690216 0.878372967243195 1 0.908334314823151 0.660710513591766 0.682964980602264 0.661469578742981 0.748437464237213 0.864373445510864 0.904820382595062 0.83616977930069 0.85492479801178 0.839453160762787 0.897995591163635 0.835879981517792 0.833414912223816 0.837421476840973 0.909945964813232 0.67147970199585 0.5933638215065 0.720639944076538 0.700983226299286 0.694022119045258 0.603939414024353 0.621226191520691 0.641092896461487 0.645533204078674 0.585147023200989 0.609513998031616 0.644527077674866 0.535542726516724 0.733115196228027 0.572826087474823 0.5777348279953 0.608241379261017 0.608898639678955 0.605496942996979 0.66106128692627 0.603265762329102 0.597145855426788 0.58481901884079 0.577128171920776 0.554595589637756 0.58642190694809
-3.4e+38 0.485154181718826 0.718819260597229 0.780665159225464 0.842180013656616 0.860662400722504 1 1 1 0.90815395116806 0.896587491035461 0.969457685947418 0.941203474998474 0.860372602939606 0.878123819828033 0.855260193347931 0.896963834762573 0.914266169071198 0.936501562595367 0.776803612709045 0.770052492618561 0.855332493782043 0.810326337814331 0.61034893989563 0.62713748216629 0.609766185283661 0.611780285835266 0.641551852226257 0.632910549640656 0.617826402187347 0.657139837741852 0.637603580951691 0.593194901943207 0.631522297859192 0.743004143238068 0.871343612670898 0.601525962352753 0.572096228599548 0.569110929965973 0.628473460674286 0.6204873919487 0.625375807285309 0.564058780670166 0.59231972694397 0.592441022396088 0.598046123981476 0.579237580299377
-3.4e+38 -3.4e+38 0.748820722103119 0.772941410541534 0.796012699604034 0.785676836967468 0.844641625881195 0.859264850616455 1 0.954657793045044 0.993750095367432 0.978878557682037 0.895087063312531 0.90527606010437 0.883231282234192 0.863152742385864 0.857905685901642 0.759434700012207 -3.4e+38 -3.4e+38 -3.4e+38 -3.4e+38 0.751445651054382 0.707457542419434 0.568025529384613 0.609758615493774 0.62693977355957 0.594277262687683 0.60817277431488 0.58443146944046 0.592023909091949 0.579751014709473 0.558770895004272 0.684995293617249 0.509992063045502 0.604268014431 0.588251829147339 0.589197397232056 0.595122516155243 0.60847133398056 0.586108505725861 0.604511678218842 0.587831974029541 0.606850445270538 0.564711332321167 0.578707575798035 0.568811476230621
-3.4e+38 -3.4e+38 0.656204581260681 0.656069755554199 -3.4e+38 -3.4e+38 0.728590905666351 0.74461168050766 0.776127099990845 0.881865799427032 1 1 0.966067433357239 0.938229620456696 0.842139184474945 0.826307535171509 -3.4e+38 -3.4e+38 -3.4e+38 -3.4e+38 -3.4e+38 -3.4e+38 0.8647740483284 0.8348588347435 0.499543786048889 0.636622786521912 0.644241571426392 0.685074031352997 0.636251628398895 0.621096909046173 0.586450457572937 0.597533881664276 0.574454367160797 0.883115708827972 0.541286647319794 0.718498766422272 0.563502371311188 0.57289844751358 0.588161766529083 0.588837921619415 0.598102152347565 0.606281697750092 0.585311889648438 0.582809746265411 0.602857530117035 0.594262957572937 0.593219697475433
-3.4e+38 -3.4e+38 -3.4e+38 -3.4e+38 -3.4e+38 -3.4e+38 -3.4e+38 0.494787693023682 0.67211240530014 0.750902056694031 0.860133647918701 1 0.968021512031555 0.93127852678299 0.928667783737183 0.991068303585052 -3.4e+38 0.660419821739197 0.918797075748444 0.861341774463654 0.877908527851105 0.851440489292145 0.805073499679565 0.853571176528931 0.49570819735527 0.746610164642334 0.660837471485138 0.704732894897461 0.654561698436737 0.750597715377808 0.531381726264954 0.628155410289764 0.58729612827301 0.547050297260284 0.557492971420288 0.583095967769623 0.581216990947723 0.618265271186829 0.600314557552338 0.574783027172089 0.572763979434967 0.589013278484344 0.580640733242035 0.565891623497009 0.575035154819489 0.561671912670135 0.591414928436279
-3.4e+38 -3.4e+38 -3.4e+38 -3.4e+38 -3.4e+38 -3.4e+38 -3.4e+38 -3.4e+38 0.65974235534668 0.773863434791565 0.826995849609375 0.939166247844696 1 0.89975905418396 0.975748717784882 0.909506022930145 0.848472118377686 0.859230577945709 0.836882531642914 0.830164551734924 0.801421701908112 0.857205927371979 0.979501962661743 0.720008194446564 0.57333642244339 0.841183125972748 0.814306974411011 0.874036073684692 0.905782341957092 0.741755545139313 0.779126822948456 0.533210575580597 0.635976433753967 0.645378470420837 0.586738169193268 0.632209718227386 0.609168589115143 0.622414588928223 0.599725365638733 0.579962253570557 0.602203071117401 0.601972341537476 0.579069435596466 0.586670100688934 0.610780656337738 0.579694449901581 0.551300287246704
-3.4e+38 -3.4e+38 -3.4e+38 -3.4e+38 -3.4e+38 -3.4e+38 -3.4e+38 -3.4e+38 0.560624003410339 0.711902499198914 0.727508008480072 0.877957165241241 0.922736704349518 0.970840513706207 0.888140738010406 0.869162142276764 0.864574193954468 0.889587581157684 0.840804517269135 0.846982777118683 0.727178335189819 0.837902367115021 0.861096024513245 0.874217867851257 0.848719835281372 0.855870306491852 0.807290554046631 0.94873833656311 0.930752754211426 0.768756031990051 0.863240599632263 0.874175488948822 0.60835075378418 0.627892732620239 0.544775307178497 0.568428635597229 0.594161331653595 0.60770970582962 0.563106536865234 0.582402944564819 0.590264201164246 0.59273886680603 0.590073049068451 0.566795527935028 0.597342550754547 0.614969730377197 0.582860887050629
-3.4e+38 -3.4e+38 -3.4e+38 -3.4e+38 -3.4e+38 -3.4e+38 -3.4e+38 -3.4e+38 0.645632386207581 0.670494973659515 0.75111335515976 0.871544122695923 0.885860741138458 1 0.902536988258362 0.91142326593399 0.97906494140625 0.948726177215576 0.80350136756897 0.812888085842133 0.840023696422577 0.777360260486603 -3.4e+38 -3.4e+38 -3.4e+38 -3.4e+38 -3.4e+38 -3.4e+38 0.610625624656677 0.806231081485748 0.855972528457642 0.683914840221405 0.534110546112061 0.775196373462677 0.654938936233521 0.679336786270142 0.62603372335434 0.730557918548584 0.605242192745209 0.592309236526489 0.5716153383255 0.581907629966736 0.591621935367584 0.566222965717316 0.575668752193451 0.563095092773438 0.597874999046326
-3.4e+38 -3.4e+38 -3.4e+38 -3.4e+38 -3.4e+38 -3.4e+38 -3.4e+38 -3.4e+38 0.682092010974884 0.85667759180069 0.860199511051178 0.876827657222748 0.898962378501892 0.88189834356308 0.950252830982208 0.927992045879364 0.895334720611572 0.894967317581177 0.884127914905548 0.832437038421631 0.866608440876007 0.832916557788849 0.891607224941254 0.519622266292572 0.00556646846234798 -3.4e+38 -3.4e+38 -3.4e+38 0.602555692195892 0.805251657962799 0.664888381958008 0.607435643672943 0.535809993743896 0.617466568946838 0.803651928901672 0.693612039089203 0.574853777885437 0.573475480079651 0.595228910446167 0.583547711372375 0.589149057865143 0.57582950592041 0.580836296081543 0.565709233283997 0.613579392433167 0.559938371181488 0.58280873298645
-3.4e+38 -3.4e+38 -3.4e+38 -3.4e+38 -3.4e+38 -3.4e+38 -3.4e+38 0.520280003547668 0.748165726661682 0.866272628307343 0.86985057592392 0.91308856010437 0.921998143196106 1 0.949817836284637 0.877838373184204 0.885157465934753 0.883763253688812 0.843882977962494 0.833910763263702 0.849911749362946 0.813525795936584 0.870140850543976 0.735143542289734 0.794493973255157 0.875401616096497 -3.4e+38 -3.4e+38 0.635449528694153 0.705666124820709 0.710711777210236 0.518081367015839 0.52943217754364 0.6116983294487 0.729295194149017 0.70269912481308 0.59835547208786 0.56805557012558 0.578199446201324 0.584189772605896 0.616161644458771 0.582924485206604 0.590879499912262 0.572209715843201 0.569815158843994 0.581836402416229 0.594199001789093
