Integrated approach/envi/f_layer_20082017_OK2.asc
NCOLS 700 
NROWS 339 
XLLCORNER 69.699583261 
YLLCORNER -49.6595 
CELLSIZE 0.001 
NODATA_value -9999 
[rows 198 to 219 of 339, columns 240 to 287 of 700]
0.0106829842552543 0.00580744259059429 0.0103444727137685 0.0110542615875602 0.00177703017834574 0.00523356674239039 0.00387246068567038 0.535290658473969 0.49812051653862 0.632479012012482 0.722176253795624 -9999 -9999 0.618968844413757 0.0174935255199671 0.00638447748497128 0.0156292375177145 0.00394459581002593 0.00662976643070579 0.0123132904991508 0.0225143674761057 0.0059670708142221 0.00971718225628138 0.509796321392059 0.0666671842336655 0.53026419878006 0.0163980107754469 0.00702648283913732 0.00353362481109798 0.00472546787932515 0.0135289020836353 0.00454679317772388 0.0128839602693915 0.0238394215703011 0.0082703148946166 0.0225344821810722 0.00809838250279427 0.00874414574354887 0.0230299979448318 0.00921435188502073 0.0151285259053111 0.0206831376999617 0.0480825193226337 0.012077079154551 0.0128047913312912 0.0171503126621246 0.0143697448074818 0.0164315477013588
0.0120789520442486 0.0294431392103434 0.0024336667265743 0.0132405264303088 0.0147142400965095 0.00590733857825398 0.0037099365144968 0.00425814976915717 0.0149062350392342 0.546251773834229 0.495747119188309 0.605741202831268 0.570870816707611 0.00564194703474641 0.0159172806888819 0.0152017464861274 0.00818644370883703 0.014006718993187 0.02137709595263 0.00964776147156954 0.0151428291574121 0.00819156039506197 0.0117061110213399 0.0223808735609055 0.0107253482565284 0.0430945307016373 0.00636722473427653 0.00869595352560282 0.00449250312522054 0.025988245382905 0.0120439687743783 0.0165764465928078 0.0261742454022169 0.0136358439922333 0.0115006910637021 0.0070142038166523 0.00846771616488695 0.00615864992141724 0.00873873103410006 0.0104496665298939 0.0220575723797083 0.00891628675162792 0.48576757311821 0.150682032108307 0.0138673381879926 0.0238870456814766 0.00652633421123028 0.00961651559919119
0.00807600561529398 0.00607509864494205 0.0105387335643172 0.00313454656861722 0.0108989933505654 0.0130857639014721 0.00854100100696087 0.0139334751293063 0.0187146440148354 0.0256981253623962 0.00514872744679451 0.0152452848851681 0.00733737647533417 0.0123685384169221 0.0041589867323637 0.0130212353542447 0.0092131095007062 0.0141258975490928 0.0171261541545391 0.00976329762488604 0.011639985255897 0.0167450290173292 0.0228351484984159 0.016314048320055 0.0243054907768965 0.00559861911460757 0.00371331791393459 0.00802394840866327 0.0303145572543144 0.0235949736088514 0.0111442180350423 0.0133144808933139 0.00888202060014009 0.0147722018882632 0.020475460216403 0.0132359229028225 0.0183224603533745 0.0193957779556513 0.12324782460928 0.0736161470413208 0.493165761232376 0.533623695373535 0.0202485863119364 0.0143193574622273 0.00717032887041569 0.0101670837029815 0.00804081279784441 0.00870917830616236
0.0155229540541768 0.00967829953879118 0.0079672085121274 0.00262350658886135 0.00574217922985554 0.00860987976193428 0.0123652601614594 0.0109247164800763 0.0123866237699986 0.0111330477520823 0.00909584201872349 0.00468978332355618 0.0137434927746654 0.0123207569122314 0.0133246341720223 0.0173544157296419 0.00896490458399057 0.0170527547597885 0.00358666502870619 0.0281758327037096 0.0227762032300234 0.0236214641481638 0.0118044847622514 0.0108817480504513 0.0109724476933479 0.00568040413782001 0.0172672923654318 0.0237326323986053 0.0179691780358553 0.0236427839845419 0.0123626114800572 0.0044717094860971 0.00944966915994883 0.01598852686584 0.0173117872327566 0.0178960878401995 0.00991024170070887 0.0218193233013153 0.303649187088013 0.061018779873848 0.485355108976364 0.635368883609772 0.0242635328322649 0.0156179452314973 0.00862077903002501 0.00898696202784777 0.0107591031119227 0.177889466285706
0.0141468802466989 0.0122076151892543 0.00669880444183946 0.0189634021371603 0.011491714976728 0.0137300239875913 0.0170477442443371 0.0184768680483103 0.00637217843905091 0.0105225928127766 0.00737244822084904 0.0121630867943168 0.0046121901832521 0.009853252209723 0.0202323272824287 0.00829815957695246 0.00375601393170655 0.00759196327999234 0.0115162907168269 0.0176526457071304 0.00853306986391544 0.0144401751458645 0.0148619012907147 0.00988344009965658 0.0125238597393036 0.0190554317086935 0.0244739074259996 0.0129144983366132 0.0146992327645421 0.0111990803852677 0.00876074563711882 0.0165320858359337 0.0286945123225451 0.0111098056659102 0.0186130311340094 0.0178871434181929 0.00712856231257319 0.00830076821148396 0.00958389043807983 0.0192079413682222 0.568552613258362 0.507803976535797 0.0219959989190102 0.011497906409204 0.0184588711708784 0.01354939956218 0.0134720755741 0.315529853105545
0.00699505768716335 0.00479636574164033 0.00584493717178702 0.0137687800452113 0.0110252909362316 0.0114738931879401 0.00775847025215626 0.0149956541135907 0.00810970086604357 0.00563865713775158 0.0145979188382626 0.00795732066035271 0.0061676106415689 0.0124824522063136 0.00340942270122468 0.0041942410171032 0.00604031467810273 0.00657997792586684 0.00606000050902367 0.0037481568288058 0.0159050431102514 0.010486513376236 0.00875385850667953 0.00738410092890263 0.0078250290825963 0.0162728782743216 0.0181801524013281 0.0100761875510216 0.00801760610193014 0.0196756068617105 0.00932655762881041 0.00969515182077885 0.00689689116552472 0.0126976957544684 0.00807599443942308 0.023516520857811 0.0109213879331946 0.011809297837317 0.0162946395576 0.0133153982460499 0.0292447004467249 0.0262346286326647 0.0178470872342587 0.00883340183645487 0.0143377669155598 0.017274959012866 0.00824200548231602 0.0113454880192876
0.0102707659825683 0.013440958224237 0.0065829548984766 0.00558990007266402 0.00430171703919768 0.0160539597272873 0.0408051870763302 0.00429644901305437 0.0208578538149595 0.00483327312394977 0.013515361584723 0.00754246488213539 0.00736412033438683 0.0200895499438047 0.00515728397294879 0.0111245512962341 0.0170852523297071 0.0154915200546384 0.0154896015301347 0.0125822015106678 0.00643832050263882 0.0145428059622645 0.00831081159412861 0.0569687448441982 0.0217390414327383 0.0258358027786016 0.00210859626531601 0.0250429213047028 0.0162637960165739 0.0203898549079895 0.0190925616770983 0.00971862953156233 0.0154578126966953 0.0165100358426571 0.00862112082540989 0.0130108827725053 0.017359321936965 0.01814747415483 0.0134327709674835 0.0233046282082796 0.0116325123235583 0.0194646324962378 0.0198652613908052 0.00736075080931187 0.0127945505082607 0.00800444837659597 0.00801643636077642 0.00426130509003997
0.0039469888433814 0.00371514982543886 0.0083741033449769 0.00784584879875183 0.0106603801250458 0.0156854372471571 0.0178288016468287 0.00961770955473185 0.00490829488262534 0.0118094095960259 0.0084977513179183 0.00836329627782106 0.0182958263903856 0.00523480027914047 0.0085787707939744 0.0284852217882872 0.0139773292466998 0.0103620886802673 0.00772811425849795 0.0137746734544635 0.0266139209270477 0.0182516798377037 0.0282528456300497 0.0130889257416129 0.0148686366155744 0.0216889604926109 0.0199209991842508 0.0103532141074538 0.0125549556687474 0.012269570492208 0.00476164976134896 0.548733949661255 0.495226413011551 0.509184658527374 0.691941678524017 0.570792615413666 0.49939900636673 0.016347685828805 0.0188382584601641 0.00899657793343067 0.00982287153601646 0.0122468871995807 0.0126502038910985 0.0153036313131452 0.0146416174247861 0.00559402490034699 0.00797562394291162 0.0268518701195717
0.0105473520234227 0.00702829519286752 0.00694448314607143 0.00840562582015991 0.00505288317799568 0.00430652173236012 0.00478609232231975 0.0128883570432663 0.00812739226967096 0.00531028583645821 0.005031059961766 0.00779405096545815 0.00897286366671324 0.0133403465151787 0.0128986639901996 0.00980842486023903 0.00382750318385661 0.0043482887558639 0.00419925665482879 0.00328576355241239 0.0141924284398556 0.00306444335728884 0.0114915715530515 0.00392611091956496 0.0151529768481851 0.0156821999698877 0.00883518066257238 0.00917312223464251 0.0137350438162684 0.00825064908713102 0.00724686682224274 0.554329097270966 0.490437388420105 0.498262107372284 0.646085977554321 0.635970234870911 0.561725199222565 0.558350145816803 0.0103402324020863 0.0186604261398315 0.0105543853715062 0.0176271088421345 0.0230311509221792 0.00809047278016806 0.00797999370843172 0.00845849420875311 0.00930710975080729 0.00569507060572505
0.0130202500149608 0.00652713468298316 0.00995766092091799 0.010495544411242 0.011249870993197 0.0262780319899321 0.0081481896340847 0.0140180997550488 0.00770465238019824 0.00776734994724393 0.00587886013090611 0.00918600242584944 0.00334612536244094 0.00422674277797341 0.00938637275248766 0.00867209862917662 0.00314481719397008 0.0058991382829845 0.0120390048250556 0.0329858101904392 0.00657415622845292 0.010807485319674 0.0101845404133201 0.0143428640440106 0.0219010207802057 0.0180086493492126 0.0116106914356351 0.0153216728940606 0.0114381164312363 0.0170778669416904 0.00815839041024446 0.0179968867450953 0.0251409783959389 0.540784776210785 0.539888203144073 0.48038312792778 0.489074319601059 0.506628036499023 0.0134476982057095 0.0108558041974902 0.00715227797627449 0.0203328151255846 0.00505800219252706 0.0184978079050779 0.022808700799942 0.0127375507727265 0.0308285802602768 0.0252663102000952
0.00601680157706141 0.00815271213650703 0.00944049749523401 0.00673177512362599 0.0115566737949848 0.00987284444272518 0.00698734819889069 0.0167586077004671 0.00537633709609509 0.0175236966460943 0.0195844266563654 0.0125476941466331 0.00916118267923594 0.0151932081207633 0.00697485031560063 0.0104172034189105 0.00499391136690974 0.0203795563429594 0.00245502428151667 0.0172435957938433 0.00959804933518171 0.021189957857132 0.0058955829590559 0.00818064715713263 0.0171371176838875 0.0078846188262105 0.013158168643713 0.00686695380136371 0.00781444553285837 0.00673710973933339 0.00936032366007566 0.00811601150780916 0.0188289731740952 0.0130838714540005 0.00906533282250166 0.0142318671569228 0.526345312595367 0.492386549711227 0.033582579344511 0.0135369515046477 0.0154103487730026 0.00909574050456285 0.0828908458352089 0.0107766250148416 0.00395779870450497 0.0290156062692404 0.018071424216032 0.00590721657499671
0.00807767082005739 0.00981613807380199 0.0115296998992562 0.00604716641828418 0.0172623787075281 0.00766646536067128 0.00380445993505418 0.00954986456781626 0.0157791282981634 0.0129053210839629 0.00593440793454647 0.0167202781885862 0.00549077382311225 0.0238629039376974 0.0278186053037643 0.0122440410777926 0.00715786591172218 0.017002996057272 0.00901798717677593 0.0216527376323938 0.00723341852426529 0.0148120373487473 0.00445565395057201 0.00783392041921616 0.00563884945586324 0.00331416167318821 0.00619566766545177 0.00583479506894946 0.0176867675036192 0.543940126895905 0.0195867400616407 0.0152689218521118 0.0113163581117988 0.0183428917080164 0.010643046349287 0.0103552984073758 0.0111614093184471 0.0149421840906143 0.00858217943459749 0.00440973183140159 0.00425024796277285 0.00924717728048563 0.152481973171234 0.0116870179772377 0.0187154673039913 0.00461688125506043 0.0108105922117829 0.0134898265823722
0.00644817063584924 0.00607335241511464 0.0111670074984431 0.0087462579831481 0.0103872213512659 0.0109273716807365 0.0195230487734079 0.011565406806767 0.0158593822270632 0.0174498353153467 0.0105188684538007 0.00966151524335146 0.0173606742173433 0.00587564567103982 0.0162473991513252 0.00471184961497784 0.0150685189291835 0.0084915766492486 0.00492730410769582 0.0166067592799664 0.0122745716944337 0.00998354144394398 0.00863843318074942 0.0116351349279284 0.00562306912615895 0.0094996253028512 0.0123220765963197 0.0116815343499184 0.0147714456543326 0.00837304256856441 0.00888176914304495 0.00834586750715971 0.00728354649618268 0.0132307941094041 0.0119015602394938 0.016153521835804 0.0234541278332472 0.0176115855574608 0.00469508906826377 0.0101581690832973 0.0304081365466118 0.0307230111211538 0.127546668052673 0.0565556287765503 0.0269872974604368 0.0186875890940428 0.00788248796015978 0.00609520450234413
0.00929651688784361 0.0185127686709166 0.0197447407990694 0.00669263349846005 0.0168409012258053 0.00904845539480448 0.00657300977036357 0.0122936563566327 0.00733799114823341 0.00754870707169175 0.00838847737759352 0.0191831775009632 0.013410534709692 0.0239777863025665 0.0222430992871523 0.00875570066273212 0.0204144287854433 0.015804385766387 0.00658771069720387 0.00641435803845525 0.00695231230929494 0.0155743509531021 0.00775556638836861 0.0108934827148914 0.00542973121628165 0.0109112272039056 0.0157393086701632 0.0102620255202055 0.0137588167563081 0.0100000007078052 0.0057786419056356 0.0160903241485357 0.0142371756955981 0.0135366916656494 0.00786089804023504 0.0095630781725049 0.00464987102895975 0.0110397599637508 0.00742729753255844 0.00362113560549915 0.0171073284000158 0.0316999815404415 0.491259723901749 0.689722418785095 0.489383488893509 0.0100676342844963 0.00525767169892788 0.00575463986024261
0.0134689062833786 0.0124816531315446 0.011268830858171 0.0470942594110966 0.0349142029881477 0.0120021514594555 0.0127235157415271 0.0117298001423478 0.00446881121024489 0.00769544579088688 0.00777797354385257 0.00844543520361185 0.014093916863203 0.00513753574341536 0.0134679852053523 0.00690738065168262 0.0355755351483822 0.0104611776769161 0.0176784005016088 0.00845826603472233 0.0125383399426937 0.0152138555422425 0.0176868513226509 0.0212014708667994 0.0108973979949951 0.0067747924476862 0.0208752378821373 0.00882112234830856 0.00951613858342171 0.0085513312369585 0.0069961161352694 0.00819304026663303 0.0104537075385451 0.00718306796625257 0.0216806139796972 0.0127968331798911 0.0145631721243262 0.0210793223232031 0.00445007206872106 0.00498612690716982 0.135543137788773 0.510628938674927 1 0.00918163917958736 0.00750603200867772 0.00645983777940273 0.00563427107408643 0.0192866027355194
0.0169614553451538 0.0116978185251355 0.0243505481630564 0.0209886506199837 0.00974752102047205 0.0115678608417511 0.00787462387233973 0.00394944893196225 0.0221649724990129 0.00392493372783065 0.00733717763796449 0.00591957988217473 0.0111284805461764 0.0343045480549335 0.0150128155946732 0.00472977291792631 0.0130708394572139 0.0106793818995357 0.00602194527164102 0.00939473044127226 0.0229691285640001 0.00872670952230692 0.0102553321048617 0.00984677113592625 0.00766509724780917 0.00958730187267065 0.00866187270730734 0.00680607790127397 0.00482537504285574 0.0109941242262721 0.0111092552542686 0.00666190311312675 0.0178624764084816 0.0140458671376109 0.0355882607400417 0.0124627137556672 0.0141646340489388 0.0041372892446816 0.0048391898162663 0.0107640316709876 0.00628648372367024 0.522419333457947 0.571199119091034 0.106867164373398 0.00825139693915844 0.0168310757726431 0.00601426931098104 0.00612894399091601
0.00712898746132851 0.0143953049555421 0.0149186104536057 0.00958907045423985 0.014934522099793 0.00817069876939058 0.00579380663111806 0.00422819470986724 0.00212041009217501 0.00950341764837503 0.00418238434940577 0.0121827451512218 0.0214495379477739 0.0133949620649219 0.0144168473780155 0.0183378551155329 0.0305747091770172 0.0101007176563144 0.00903045292943716 0.0188707113265991 0.00763550819829106 0.0133649362251163 0.00728484196588397 0.0369674824178219 0.0152975944802165 0.0138550251722336 0.0113748898729682 0.0123453512787819 0.011054951697588 0.013679638504982 0.0190343409776688 0.00760300597175956 0.0143897654488683 0.0309283509850502 0.0226506385952234 0.0100026549771428 0.00631402805447578 0.0101683465763927 0.0184227973222733 0.0120416395366192 0.0131233772262931 0.20325668156147 0.492856085300446 0.00466615473851562 0.00620287982746959 0.0108023481443524 0.0125371217727661 0.0127666732296348
0.0130260623991489 0.0149414911866188 0.0104025332257152 0.0419197529554367 0.00654626497998834 0.00924245081841946 0.00645033409819007 0.0170441921800375 0.0106458701193333 0.00388015550561249 0.00765184545889497 0.0189329497516155 0.0219417680054903 0.0416416637599468 0.00962100084871054 0.010489166714251 0.0286506339907646 0.021660627797246 0.0130290314555168 0.00932543631643057 0.017377445474267 0.00959891360253096 0.0291762817651033 0.00627542519941926 0.00569621799513698 0.00870759692043066 0.00630665943026543 0.00767413666471839 0.0140973953530192 0.0120746539905667 0.0140959499403834 0.00470550497993827 0.00761761656031013 0.0201545469462872 0.0165837723761797 0.0133945131674409 0.0181571040302515 0.0206497590988874 0.00794433988630772 0.0184639636427164 0.0281125828623772 0.0537767112255096 0.0105180637910962 0.0128551237285137 0.00582705996930599 0.0122654931619763 0.00613043690100312 0.00692401500418782
0.00462692277505994 0.0143942637369037 0.00996727216988802 0.00758991204202175 0.0136779276654124 0.0162170249968767 0.00864331144839525 0.0487647540867329 0.0211120322346687 0.0263987425714731 0.025705112144351 0.0331041030585766 0.0157259982079268 0.00920881517231464 0.0238397177308798 0.0599158741533756 0.011771984398365 0.0226143579930067 0.00576184503734112 0.00657209567725658 0.0155687713995576 0.00933835282921791 0.0101263606920838 0.0222848355770111 0.028111906722188 0.0103602753952146 0.0161826852709055 0.0187806822359562 0.00765607506036758 0.0212807226926088 0.0113811502233148 0.0214564371854067 0.0152997113764286 0.0203215647488832 0.0128573849797249 0.0101024778559804 0.0231746584177017 0.0121927680447698 0.016393868252635 0.0222890749573708 0.00634655123576522 0.0241284016519785 0.0119041176512837 0.00700186053290963 0.0103898830711842 0.0185312423855066 0.019945515319705 0.00808159075677395
0.00725926086306572 0.0183065347373486 0.00493174092844129 0.00251952116377652 0.018138375133276 0.00581411318853498 0.0132211381569505 0.0115979732945561 0.0343007594347 0.0110496953129768 0.012805731035769 0.0186642911285162 0.00811876449733973 0.00893546640872955 0.0280360709875822 0.00973550695925951 0.030745854601264 0.0176030192524195 0.0138113228604198 0.0132468668743968 0.0211504865437746 0.00667104171589017 0.0144106401130557 0.01082469150424 0.0183459967374802 0.0238765720278025 0.0127781769260764 0.0105190007016063 0.0255973879247904 0.0138043193146586 0.0158157534897327 0.0277925077825785 0.00717702135443687 0.0152342095971107 0.0171358790248632 0.0101869245991111 0.0236547533422709 0.020677138119936 0.0115463929250836 0.0233950782567263 0.00614476576447487 0.0124677726998925 0.00459668086841702 0.0170431826263666 0.0182078052312136 0.03311562910676 0.020358445122838 0.0106959035620093
0.0344523154199123 0.0186431091278791 0.00566569715738297 0.0252255965024233 0.0179419331252575 0.0272046085447073 0.0185100045055151 0.0148063376545906 0.00984189193695784 0.0192232113331556 0.0345828197896481 0.00723098171874881 0.0109922215342522 0.0192391015589237 0.0136817954480648 0.0128360548987985 0.00624183146283031 0.0142421806231141 0.0167285297065973 0.00765676191076636 0.00590805569663644 0.00815649796277285 0.00666198832914233 0.0198120474815369 0.0073146540671587 0.0111075602471828 0.0178747121244669 0.00977867003530264 0.0123941153287888 0.00974315591156483 0.0244838241487741 0.009093820117414 0.0198756884783506 0.538341760635376 0.0133079970255494 0.533455967903137 0.0243548918515444 0.18197326362133 0.016052795574069 0.00674388790503144 0.0116873560473323 0.0111641027033329 0.0218798685818911 0.0928438082337379 0.0522019900381565 0.0430737771093845 0.0246853772550821 0.00563896121457219
0.502604067325592 0.844217658042908 0.520810067653656 0.521811366081238 0.0539396740496159 0.0258978232741356 0.0744492933154106 0.0231832060962915 0.04311703145504 0.0381186567246914 0.0187241453677416 0.0139304557815194 0.0392129383981228 0.0360419303178787 0.0156952813267708 0.0194256938993931 0.00949561595916748 0.00674100778996944 0.00845135096460581 0.0199000649154186 0.00391942961141467 0.00949613377451897 0.00416762428358197 0.00762732094153762 0.00974869076162577 0.00961531512439251 0.0250281486660242 0.0466807745397091 0.013428021222353 0.01149071007967 0.0304678156971931 0.0348510779440403 0.596123933792114 0.628565549850464 0.69362998008728 0.814744174480438 0.828247427940369 0.0819609388709068 0.021525926887989 0.0113461008295417 0.501057386398315 0.505918920040131 0.254166036844254 0.600310564041138 0.215694174170494 0.0200284663587809 0.0195532236248255 0.00370087288320065
