Integrated approach/envi/f_layer_09022017_OK2.asc
NCOLS 700 
NROWS 360 
XLLCORNER 69.699583261 
YLLCORNER -49.6595 
CELLSIZE 0.001 
NODATA_value -3.4e+38 
[rows 126 to 146 of 360, columns 235 to 281 of 700]
0.524626195430756 0.536696493625641 0 0 0 0 0.699186384677887 0.506503403186798 0.499344259500504 0.497757017612457 0.484656780958176 0.484520196914673 0.487251073122025 0.482836306095123 0.521565139293671 0.490815460681915 0.488914102315903 0.507627844810486 0.491639852523804 0.494636178016663 0.482768982648849 0.420473456382751 0.491025865077972 0.48478376865387 0.492989271879196 0.486421585083008 0.33545458316803 0.13507978618145 0.5210902094841 0.426488727331161 0.485549032688141 0.482947766780853 0.438032299280167 0.443994164466858 0.486698567867279 0.439432114362717 0.484848320484161 0.415421098470688 0.488719701766968 0.48288369178772 0.416683822870255 0.3087258040905 0.486250936985016 0.487100929021835 0.513864994049072 0.0354041568934917 -3.4e+38
0.503998398780823 0.494765043258667 0.490853637456894 0.364742755889893 0.483682155609131 0.506832420825958 0.501768350601196 0.486561864614487 0.493539929389954 0.482621312141418 0.333929032087326 0.302520841360092 0.405884176492691 0.490528643131256 0.496955960988998 0.490048855543137 0.487429469823837 0.409044414758682 0.484862148761749 0.418022364377975 0.491100370883942 0.483983248472214 0.486203253269196 0.490011602640152 0.483321487903595 0.487491846084595 0.487865179777145 0.390483051538467 0.389067202806473 0.48471474647522 0.483392059803009 0.499199330806732 0.506572127342224 0.486328423023224 0.431661695241928 0.492094576358795 0.361867636442184 0.42442575097084 0.329312890768051 0.384310245513916 0.427928239107132 0.482664197683334 0.494588613510132 0.490170270204544 0.513538002967834 0.222579881548882 0.0274007860571146
0.491068631410599 0.483588457107544 -3.4e+38 -3.4e+38 -3.4e+38 -3.4e+38 -3.4e+38 0.341685891151428 0.48852664232254 0.484141290187836 0.393256157636642 0.355508804321289 0.431435734033585 0.408754080533981 0.491723924875259 0.34911921620369 -3.4e+38 -3.4e+38 -3.4e+38 -3.4e+38 -3.4e+38 0.486158311367035 0.571440160274506 0.48993131518364 0.482462257146835 0.492566108703613 0.564056992530823 0.491862922906876 0.494874238967896 0.382363706827164 0.486839890480042 0.488199681043625 0.498760551214218 0.51092517375946 0.487044811248779 0.483322590589523 0.500383079051971 0.432606816291809 0.324492961168289 0.483629703521729 0.48612916469574 0.442048698663712 0.484291434288025 0.489922702312469 0.500850796699524 0.631680905818939 0.432693123817444
0.419526010751724 0.48821234703064 -3.4e+38 -3.4e+38 -3.4e+38 -3.4e+38 -3.4e+38 -3.4e+38 -3.4e+38 -3.4e+38 0.254896908998489 0.177655100822449 0.485355973243713 0.256907373666763 0.413877487182617 -3.4e+38 -3.4e+38 -3.4e+38 -3.4e+38 -3.4e+38 -3.4e+38 -3.4e+38 0.484570980072021 0.529700696468353 0.403736144304276 0.577210068702698 0.483045518398285 0.492632657289505 0.4947909116745 0.491782188415527 0.436655849218369 0.482484966516495 0.485899955034256 0.487279534339905 0.486801594495773 0.418742895126343 0.487359791994095 0.489916771650314 0.317709714174271 0.402449578046799 0.366569489240646 0.394262164831161 0.441611498594284 0.482873916625977 0.482865035533905 0.486759930849075 0.528884053230286
0.489601463079453 -3.4e+38 -3.4e+38 -3.4e+38 -3.4e+38 -3.4e+38 -3.4e+38 -3.4e+38 -3.4e+38 -3.4e+38 -3.4e+38 -3.4e+38 -3.4e+38 -3.4e+38 -3.4e+38 -3.4e+38 -3.4e+38 -3.4e+38 -3.4e+38 -3.4e+38 -3.4e+38 -3.4e+38 0.000761244678869843 0.507530212402344 0.413558810949326 0.393821150064468 0.483540534973145 0.488432228565216 0.487335234880447 0.418430298566818 0.485103875398636 0.484365969896317 0.440433591604233 0.319559544324875 0.383832335472107 0.432644724845886 0.489255666732788 0.489323675632477 0.4935182929039 0.488233298063278 0.484316170215607 0.487830579280853 0.488580763339996 0.487927734851837 0.441523045301437 0.487768441438675 0.490537077188492
-3.4e+38 -3.4e+38 -3.4e+38 -3.4e+38 -3.4e+38 -3.4e+38 -3.4e+38 -3.4e+38 -3.4e+38 -3.4e+38 -3.4e+38 -3.4e+38 -3.4e+38 -3.4e+38 -3.4e+38 -3.4e+38 -3.4e+38 -3.4e+38 -3.4e+38 -3.4e+38 -3.4e+38 0 0.0128128416836262 0.219983398914337 0.240256547927856 0.566097557544708 0.524189472198486 0.419229984283447 0.440473914146423 0.497613102197647 0.494121909141541 0.493147909641266 0.73637729883194 0.432965129613876 0.447134107351303 0.491374045610428 0.494054675102234 0.508750736713409 0.485631942749023 0.487815320491791 0.515591323375702 0.490689963102341 0.502519428730011 0.489414423704147 0.506924390792847 0.492764919996262 0.501724720001221
-3.4e+38 -3.4e+38 -3.4e+38 -3.4e+38 -3.4e+38 -3.4e+38 -3.4e+38 -3.4e+38 -3.4e+38 -3.4e+38 -3.4e+38 -3.4e+38 -3.4e+38 -3.4e+38 -3.4e+38 -3.4e+38 -3.4e+38 -3.4e+38 -3.4e+38 -3.4e+38 -3.4e+38 0.00451258150860667 0 0.00369724142365158 0.00859622377902269 0.434840679168701 0.374626785516739 0.27434241771698 0.376495480537415 0.562128603458405 0.043561365455389 0.487543731927872 0.522262156009674 0.143403366208076 0.583527207374573 0.484365850687027 0.491103291511536 0.488282918930054 0.488822817802429 0.486637473106384 0.443359613418579 0.49894455075264 0.503278136253357 0.500219464302063 0.495305120944977 0.489865183830261 0.502422571182251
-3.4e+38 -3.4e+38 -3.4e+38 -3.4e+38 -3.4e+38 -3.4e+38 -3.4e+38 -3.4e+38 -3.4e+38 -3.4e+38 -3.4e+38 -3.4e+38 -3.4e+38 -3.4e+38 -3.4e+38 -3.4e+38 -3.4e+38 -3.4e+38 -3.4e+38 -3.4e+38 -3.4e+38 0.577605187892914 0.488803058862686 0 0 0.505225718021393 0.403015583753586 0.216914847493172 0.568436920642853 0.290053337812424 0 0 0.335760354995728 0.635899782180786 0.546655178070068 0.416536182165146 0.483988374471664 0.489967614412308 0.488502264022827 0.496897667646408 0.486067056655884 0.491690874099731 0.489509284496307 0.49336165189743 0.49505677819252 0.50128298997879 0.48732790350914
-3.4e+38 -3.4e+38 -3.4e+38 -3.4e+38 -3.4e+38 -3.4e+38 -3.4e+38 -3.4e+38 -3.4e+38 -3.4e+38 -3.4e+38 -3.4e+38 -3.4e+38 -3.4e+38 -3.4e+38 -3.4e+38 -3.4e+38 -3.4e+38 -3.4e+38 -3.4e+38 -3.4e+38 -3.4e+38 0.530582129955292 0.585930049419403 0.31960853934288 0 0.7133509516716 0.483339071273804 0.433419018983841 0.487623512744904 0.359905332326889 0.534737765789032 0.599454164505005 0.491582542657852 0.507551610469818 0.490061104297638 0.491211861371994 0.488960355520248 0.490872234106064 0.491378337144852 0.444185227155685 0.503080308437347 0.498494416475296 0.522585511207581 0.495291918516159 0.498117804527283 0.498126059770584
-3.4e+38 -3.4e+38 -3.4e+38 -3.4e+38 -3.4e+38 -3.4e+38 -3.4e+38 -3.4e+38 -3.4e+38 -3.4e+38 -3.4e+38 -3.4e+38 -3.4e+38 -3.4e+38 -3.4e+38 -3.4e+38 -3.4e+38 -3.4e+38 -3.4e+38 -3.4e+38 -3.4e+38 -3.4e+38 0.144574508070946 0.546775460243225 0.538140535354614 0.53431099653244 0.487037897109985 0.48571914434433 0.491789937019348 0.411712288856506 0.381846576929092 0.489030092954636 0.486157417297363 0.498317271471024 0.496320158243179 0.497804522514343 0.49510058760643 0.491340905427933 0.491035908460617 0.487079113721848 0.498352229595184 0.524566471576691 0.503461360931396 0.694284617900848 0.546915709972382 0.501677334308624 0.505526900291443
-3.4e+38 -3.4e+38 -3.4e+38 -3.4e+38 -3.4e+38 -3.4e+38 -3.4e+38 -3.4e+38 -3.4e+38 -3.4e+38 -3.4e+38 -3.4e+38 -3.4e+38 -3.4e+38 -3.4e+38 -3.4e+38 -3.4e+38 -3.4e+38 -3.4e+38 -3.4e+38 -3.4e+38 -3.4e+38 0.110162384808064 0.650538265705109 0.222269058227539 0.511948704719543 0.39271667599678 0.489959090948105 0.486734062433243 0.434668391942978 0.484228432178497 0.501307666301727 0.492799520492554 0.500459909439087 0.493893057107925 0.499468982219696 0.49457973241806 0.495256245136261 0.482457041740417 0.488401234149933 0.498260796070099 0.533746957778931 0.54127562046051 0.609440505504608 0.784623205661774 0.512113988399506 0.505362272262573
0.288088530302048 0.27356231212616 0.182267710566521 0 0 0 0.00678163953125477 -3.4e+38 -3.4e+38 -3.4e+38 -3.4e+38 -3.4e+38 -3.4e+38 -3.4e+38 -3.4e+38 -3.4e+38 -3.4e+38 -3.4e+38 -3.4e+38 -3.4e+38 -3.4e+38 -3.4e+38 -3.4e+38 0.583851218223572 0.555521070957184 0.0482990592718124 0.56769597530365 0.383459329605103 0.416516155004501 0.441915541887283 0.486805379390717 0.486896336078644 0.500724792480469 0.489560633897781 0.48833504319191 0.48551332950592 0.499059319496155 0.504132091999054 0.495343208312988 0.492558360099792 0.505140125751495 0.516299068927765 0.266302615404129 0.541319251060486 0.620242416858673 0.506072819232941 0.502666115760803
0.261704236268997 0.252325773239136 0.495752066373825 0.483876794576645 0.00308030308224261 0 0 0.588773906230927 0.0522418580949306 -3.4e+38 -3.4e+38 -3.4e+38 -3.4e+38 -3.4e+38 -3.4e+38 -3.4e+38 -3.4e+38 -3.4e+38 -3.4e+38 -3.4e+38 -3.4e+38 -3.4e+38 0.0180358476936817 0.524303138256073 0.652604579925537 0.574429452419281 0.297806054353714 0.444235354661942 0.295477122068405 0.394958525896072 0.342044800519943 0.483620285987854 0.497381180524826 0.494539469480515 0.76903909444809 0.51381379365921 0.501427054405212 0.587330639362335 0.494930952787399 0.500426828861237 0.49382820725441 0.512255370616913 0.49662834405899 0 0.558714389801025 0.507626831531525 0.495191872119904
0.495235651731491 0.555052101612091 0.502388536930084 0.249669745564461 0.0474979132413864 0.156291499733925 0.493971705436707 0.484061390161514 0.259390562772751 0.514430522918701 0.516127824783325 -3.4e+38 -3.4e+38 -3.4e+38 -3.4e+38 -3.4e+38 -3.4e+38 -3.4e+38 -3.4e+38 -3.4e+38 -3.4e+38 -3.4e+38 0.00956785585731268 0.356824427843094 0.604788303375244 0.267971307039261 0.309683233499527 0.369178026914597 0.342996001243591 0.351435273885727 0.420928627252579 0.48394650220871 0.430267214775085 0.487112015485764 0.670957386493683 0.520819544792175 0.607910633087158 0.507620394229889 0.62782233953476 0.617517828941345 0.544906735420227 0.491689831018448 0.410982638597488 0.535287082195282 0.49141651391983 0.496846944093704 0.503894805908203
0.519614458084106 0.679389238357544 0.235285997390747 0.120810031890869 0.483378082513809 0.52932608127594 0.510160207748413 0.515531718730927 0.349428415298462 0.513767063617706 0.306305974721909 0.27569106221199 0.504658997058868 -3.4e+38 -3.4e+38 -3.4e+38 -3.4e+38 -3.4e+38 -3.4e+38 -3.4e+38 -3.4e+38 -3.4e+38 0.0763527154922485 0.611989676952362 0.320538580417633 0.397417783737183 0.435162991285324 0.491738170385361 0.399720102548599 0.307164400815964 0.489063590764999 0.440472573041916 0.426061987876892 0.447395950555801 0.522365212440491 0.505610883235931 0.506559014320374 0.490340530872345 0.541775763034821 0.546673953533173 0.0903299674391747 0.489650994539261 -3.4e+38 -3.4e+38 0.175519943237305 0.176065340638161 0.516332149505615
0.203156754374504 0.217697858810425 0.143097043037415 0.195794001221657 0.171163037419319 0.513886451721191 0.507204353809357 0.0264900866895914 0 0.35598960518837 0.337208181619644 0 0 0 -3.4e+38 -3.4e+38 -3.4e+38 -3.4e+38 -3.4e+38 -3.4e+38 -3.4e+38 -3.4e+38 0.191052332520485 0.290263205766678 0.243461355566978 0.332294911146164 0.363862633705139 0.428215175867081 0.428383082151413 0.489238679409027 0.385917663574219 0.410249382257462 0.48473647236824 0.444415122270584 0.498318642377853 0.491686522960663 0.503928124904633 0.40679082274437 0.52941220998764 0.210156664252281 0.00416379468515515 -3.4e+38 -3.4e+38 -3.4e+38 -3.4e+38 -3.4e+38 0.0329797007143497
0.219018623232841 0.250918179750443 0.228077426552773 0.17528735101223 0.494947135448456 0.585899114608765 0.172920629382133 0 0.139406934380531 0.01753911934793 0 0 0 0 0 0 0.00173314090352505 0.0126133048906922 0.249597296118736 0.190736994147301 0.555888950824738 0.24573703110218 0.192254886031151 0.487858384847641 0.313241958618164 0.354789704084396 0.364939212799072 0.484844177961349 0.431812733411789 0.486191213130951 0.498664826154709 0.490884453058243 0.486993759870529 0.423470109701157 0.483268231153488 0.48656764626503 0.50037944316864 -3.4e+38 -3.4e+38 -3.4e+38 -3.4e+38 -3.4e+38 -3.4e+38 -3.4e+38 -3.4e+38 -3.4e+38 -3.4e+38
0.163227379322052 0.20290319621563 0.175266578793526 0.277981907129288 0.173859298229218 0.362614780664444 0.0796798914670944 0 0.079510934650898 0 0 0 0 0 0.0968151390552521 0.586864471435547 0.357912808656693 0.318508714437485 0.273427993059158 0.315293610095978 0.107657581567764 0.503607392311096 0.425396889448166 0.532274484634399 0.326389133930206 0.266153573989868 0.346104145050049 0.270070105791092 0.489434868097305 0.4856838285923 0.497936725616455 0.494429379701614 0.499767512083054 0.483109802007675 0.488580346107483 0.489347487688065 0.492753356695175 -3.4e+38 -3.4e+38 -3.4e+38 -3.4e+38 -3.4e+38 -3.4e+38 -3.4e+38 -3.4e+38 -3.4e+38 -3.4e+38
0.178142502903938 0.172087013721466 0.205292657017708 0.252829313278198 0.285761505365372 0.11124425381422 0 0 0 0 0 0 0 0.924315452575684 0.340707093477249 0.397172719240189 0.264835000038147 0.217677235603333 0.269383698701859 0.175847485661507 0.514385342597961 0.551328182220459 0.311532378196716 0.358035892248154 0.354628056287766 0.311594009399414 0.483628273010254 0.485969215631485 0.489383637905121 0.420884519815445 0.483035385608673 0.491537868976593 0.489620327949524 0.485059857368469 0.491300374269485 0.488116264343262 0.275191813707352 -3.4e+38 -3.4e+38 -3.4e+38 -3.4e+38 -3.4e+38 -3.4e+38 -3.4e+38 -3.4e+38 -3.4e+38 -3.4e+38
0.177317157387733 0.441045194864273 0.245838508009911 0.258990824222565 0.372215151786804 0.289654135704041 0.0696106478571892 0 0.512726366519928 0.0777637287974358 0.00451749004423618 0 0 0.533365547657013 0.2481579631567 0.258303761482239 0.196122288703918 0.247317746281624 0.235538080334663 0.057465810328722 0.58067798614502 0.534584820270538 0.447924226522446 0.269169956445694 0.318035542964935 0.42027673125267 0.378155827522278 0.429955244064331 0.485117852687836 0.482811570167542 0.33906689286232 0.360316127538681 0.446132332086563 0.352983981370926 0.483135610818863 0.482461184263229 0.50705087184906 0.50345242023468 0.404279381036758 0.0282860677689314 -3.4e+38 -3.4e+38 -3.4e+38 -3.4e+38 -3.4e+38 -3.4e+38 -3.4e+38
0.258303850889206 0.421038657426834 0.493812471628189 0.486272186040878 0.494504451751709 0.516107857227325 0.494614362716675 0.530198276042938 0.502887845039368 0.284560829401016 0.494199097156525 0.124844633042812 0.509578943252563 0.359678030014038 0.390508055686951 0.195175051689148 0.209495410323143 0.234345555305481 0.271290928125381 0.501101195812225 0.017724871635437 0.589412569999695 0.514069199562073 0.315636068582535 0.31187978386879 0.29022279381752 0.366054326295853 0.365263134241104 0.345391601324081 0.347416520118713 0.330677002668381 0.303348451852798 0.441781133413315 0.484692841768265 0.404900342226028 0.37433996796608 0.490534871816635 0.438973903656006 0.482659876346588 0.488065898418427 0.578807711601257 0.631265938282013 0.493391573429108 0.159965291619301 -3.4e+38 -3.4e+38 0.648572564125061
