"","x","y","avg","min","max"
"1",-41.125,-53.0625,145,145,145
"2",-41.125,-52.9375,146,146,146
"3",-41.125,-52.8125,147,147,147
"4",-41.125,-52.6875,148,148,148
"5",-40.875,-53.1875,143,143,143
"6",-40.875,-53.0625,144,144,144
"7",-40.875,-52.5625,149.5,149,150
"8",-40.625,-53.3125,142,142,142
"9",-40.625,-52.9375,111.5,111,112
"10",-40.625,-52.8125,114,113,115
"11",-40.625,-52.6875,116.666666666667,116,117
"12",-40.625,-52.5625,118,118,118
"13",-40.625,-52.4375,151.5,151,152
"14",-40.375,-53.3125,124,107,141
"15",-40.375,-53.1875,108,108,108
"16",-40.375,-53.0625,109.5,109,110
"17",-40.375,-52.5625,119,119,119
"18",-40.375,-52.4375,136.5,120,153
"19",-40.125,-53.4375,122.5,105,140
"20",-40.125,-53.3125,106,106,106
"21",-40.125,-52.4375,137.5,121,154
"22",-40.125,-52.3125,143,143,143
"23",-39.875,-53.5625,139,139,139
"24",-39.875,-53.4375,104,104,104
"25",-39.875,-52.4375,148,144,155
"26",-39.875,-52.3125,142,142,142
"27",-39.875,-52.1875,140.5,140,141
"28",-39.875,-52.0625,136.333333333333,132,139
"29",-39.875,-51.9375,131,131,131
"30",-39.875,-51.8125,130,130,130
"31",-39.625,-53.5625,103,103,103
"32",-39.625,-52.9375,161,161,161
"33",-39.625,-52.8125,160,160,160
"34",-39.625,-52.6875,152.75,147,159
"35",-39.625,-52.5625,151.5,146,157
"36",-39.625,-52.4375,156.25,122,174
"37",-39.625,-52.3125,176,175,177
"38",-39.625,-52.1875,134,133,135
"39",-39.625,-52.0625,136.5,136,137
"40",-39.375,-53.5625,120,102,138
"41",-39.375,-53.0625,163,163,163
"42",-39.375,-52.9375,162,162,162
"43",-39.375,-52.8125,148,148,148
"44",-39.375,-52.6875,171,171,171
"45",-39.375,-52.5625,172,172,172
"46",-39.375,-52.4375,144.666666666667,123,156
"47",-39.375,-52.1875,178.75,178,180
"48",-39.375,-51.6875,129,129,129
"49",-39.125,-53.5625,137,137,137
"50",-39.125,-53.4375,101,101,101
"51",-39.125,-53.0625,165,164,166
"52",-39.125,-52.9375,167.5,167,168
"53",-39.125,-52.8125,159,149,169
"54",-39.125,-52.6875,170,170,170
"55",-39.125,-52.4375,155.5,154,157
"56",-39.125,-51.6875,128,128,128
"57",-38.875,-53.5625,136,136,136
"58",-38.875,-53.4375,100,100,100
"59",-38.875,-52.8125,150,150,150
"60",-38.875,-52.6875,151,151,151
"61",-38.875,-52.5625,152,152,152
"62",-38.875,-52.4375,155.5,153,158
"63",-38.875,-52.3125,124,124,124
"64",-38.875,-51.8125,127,127,127
"65",-38.625,-53.4375,117,99,135
"66",-38.625,-52.4375,159,159,159
"67",-38.625,-52.3125,160,160,160
"68",-38.625,-52.1875,125,125,125
"69",-38.625,-52.0625,126,126,126
"70",-38.375,-53.4375,116,98,134
"71",-38.375,-53.3125,97,97,97
"72",-38.375,-52.3125,161,161,161
"73",-38.375,-52.1875,162,162,162
"74",-38.375,-52.0625,163,163,163
"75",-38.375,-51.9375,164.5,164,165
"76",-38.375,-51.8125,167,166,168
"77",-38.125,-53.3125,114.5,96,133
"78",-38.125,-51.8125,169.5,169,170
"79",-37.875,-53.3125,132,132,132
"80",-37.875,-53.1875,112.5,94,131
"81",-37.875,-51.9375,171.5,171,172
"82",-37.625,-53.1875,119.090909090909,92,129
"83",-37.625,-51.9375,173,173,173
"84",-37.375,-53.1875,100.333333333333,90,120
"85",-37.375,-51.9375,174.5,174,175
"86",-37.125,-53.1875,119,119,119
"87",-37.125,-51.9375,176,176,176
"88",-36.875,-53.1875,103.5,89,118
"89",-36.875,-51.9375,177.75,177,179
"90",-36.625,-53.3125,117,117,117
"91",-36.625,-53.1875,88,88,88
"92",-36.625,-51.9375,180,180,180
"93",-36.375,-53.3125,116,116,116
"94",-36.375,-53.1875,87,87,87
"95",-36.125,-53.4375,115,115,115
"96",-36.125,-53.3125,85.6666666666667,85,86
"97",-35.875,-53.4375,99,84,114
"98",-35.625,-53.5625,98,83,113
"99",-35.625,-53.0625,178.666666666667,178,179
"100",-35.625,-52.9375,180,180,180
"101",-35.375,-53.6875,97,82,112
"102",-35.375,-53.4375,174.5,174,175
"103",-35.375,-53.3125,174,173,176
"104",-35.375,-53.1875,175.333333333333,174,177
"105",-35.375,-53.0625,177.5,176,179
"106",-35.125,-53.9375,110,110,110
"107",-35.125,-53.8125,121.333333333333,81,172
"108",-35.125,-53.5625,171,169,173
"109",-35.125,-53.4375,170.5,170,171
"110",-35.125,-53.3125,172,172,172
"111",-35.125,-52.9375,180,180,180
"112",-34.875,-53.9375,121.8,79,171
"113",-34.875,-53.8125,164.5,164,165
"114",-34.875,-53.6875,166.5,166,167
"115",-34.875,-53.5625,168,168,168
"116",-34.625,-54.1875,92,77,107
"117",-34.625,-54.0625,122.25,78,152
"118",-34.625,-53.9375,158.916666666667,153,169
"119",-34.375,-54.4375,90,75,105
"120",-34.375,-54.3125,91,76,106
"121",-34.375,-54.1875,149.5,146,153
"122",-34.375,-54.0625,152.666666666667,147,158
"123",-34.375,-53.9375,163.5,159,168
"124",-34.125,-54.5625,74,74,74
"125",-34.125,-54.3125,148.333333333333,144,151
"126",-34.125,-54.1875,158.333333333333,145,180
"127",-34.125,-54.0625,171,171,171
"128",-33.875,-54.8125,73,73,73
"129",-33.875,-54.6875,104,104,104
"130",-33.875,-54.5625,148,148,148
"131",-33.875,-54.4375,149,149,149
"132",-33.875,-54.3125,149.2,142,169
"133",-33.875,-54.1875,176.285714285714,174,179
"134",-33.875,-54.0625,162.5,153,172
"135",-33.625,-55.1875,86,71,101
"136",-33.625,-55.0625,87,72,102
"137",-33.625,-54.8125,103,103,103
"138",-33.625,-54.6875,145,145,145
"139",-33.625,-54.5625,146.666666666667,146,147
"140",-33.625,-54.4375,149,140,168
"141",-33.625,-54.3125,165,140,172
"142",-33.625,-54.1875,152,141,173
"143",-33.625,-54.0625,143,143,143
"144",-33.625,-53.9375,161.25,144,174
"145",-33.375,-55.1875,85,70,100
"146",-33.375,-54.8125,142.5,142,143
"147",-33.375,-54.6875,153,144,162
"148",-33.375,-54.5625,152.5,138,165
"149",-33.375,-54.4375,156.166666666667,138,167
"150",-33.375,-54.3125,151.6,104,166
"151",-33.375,-54.1875,166.2,163,169
"152",-33.375,-54.0625,167.5,165,170
"153",-33.375,-53.9375,162.125,145,173
"154",-33.375,-53.8125,174.5,174,175
"155",-33.375,-53.6875,176,176,176
"156",-33.125,-55.3125,99,99,99
"157",-33.125,-55.1875,69,69,69
"158",-33.125,-54.9375,139.5,138,141
"159",-33.125,-54.8125,149,136,160
"160",-33.125,-54.6875,144.5,136,161
"161",-33.125,-54.5625,155.804399278429,137,166
"162",-33.125,-54.4375,112.697751968626,86,164.826395670573
"163",-33.125,-54.3125,105.154949188232,70,167.826395670573
"164",-33.125,-54.1875,116.49702671596,75,170.826395670573
"165",-33.125,-54.0625,141.108798556858,79,172.826395670573
"166",-33.125,-53.9375,172.217597113715,169,173.826395670573
"167",-33.125,-53.8125,161.471065945095,146,174.826395670573
"168",-33.125,-53.6875,163.333333333333,147,176
"169",-33.125,-53.5625,177,177,177
"170",-33.125,-53.4375,178,178,178
"171",-33.125,-53.3125,179,179,179
"172",-33.125,-53.1875,180,180,180
"173",-32.875,-55.3125,97,96,98
"174",-32.875,-55.1875,91,66,156
"175",-32.875,-55.0625,139,93,155
"176",-32.875,-54.9375,133.166666666667,91,156
"177",-32.875,-54.8125,109.25,64,157
"178",-32.875,-54.6875,137.984217788234,66,176
"179",-32.875,-54.5625,109.818181818182,67,161
"180",-32.875,-54.4375,115.636363636364,69,177
"181",-32.875,-54.3125,167.75,152,180
"182",-32.875,-54.1875,152.666666666667,138,167
"183",-32.875,-54.0625,140.333333333333,81,179
"184",-32.875,-53.9375,134.8,82,180
"185",-32.875,-53.8125,154.97519938151,84,175.826395670573
"186",-32.875,-53.6875,163.97519938151,158,176.826395670573
"187",-32.875,-53.5625,160,160,160
"188",-32.875,-53.4375,167.333333333333,161,180
"189",-32.875,-53.3125,167.666666666667,162,179
"190",-32.875,-53.1875,180,180,180
"191",-32.875,-52.3125,180,180,180
"192",-32.625,-55.3125,158,158,158
"193",-32.625,-55.1875,111,65,157
"194",-32.625,-55.0625,63.5,63,64
"195",-32.625,-54.9375,87.25,58,154
"196",-32.625,-54.8125,98.8125,54,158
"197",-32.625,-54.6875,115.416171119327,80,163
"198",-32.625,-54.5625,136.083333333333,56,179
"199",-32.625,-54.4375,144.933333333333,115,177
"200",-32.625,-54.3125,147.25,100,178
"201",-32.625,-54.1875,167.5,156,179
"202",-32.625,-54.0625,161,154,168
"203",-32.625,-53.9375,150.6,142,169
"204",-32.625,-53.8125,161,145,175
"205",-32.625,-53.6875,136.75,85,169
"206",-32.625,-53.5625,139.956598917643,86,177.826395670573
"207",-32.625,-53.4375,164,149,179
"208",-32.625,-53.3125,150,150,150
"209",-32.625,-53.1875,157,151,163
"210",-32.625,-53.0625,163.5,163,164
"211",-32.625,-52.9375,165.666666666667,165,166
"212",-32.625,-52.4375,178.5,178,179
"213",-32.375,-55.3125,159.5,159,160
"214",-32.375,-54.9375,85.6875,53,152
"215",-32.375,-54.8125,134.059028262184,75,175
"216",-32.375,-54.6875,112.478260869565,49,176
"217",-32.375,-54.5625,119.618892508143,51,180
"218",-32.375,-54.4375,130.583333333333,57,180
"219",-32.375,-54.3125,131.304347826087,59,173
"220",-32.375,-54.1875,174.5,174,175
"221",-32.375,-54.0625,167,157,177
"222",-32.375,-53.9375,166.333333333333,159,180
"223",-32.375,-53.8125,164.166666666667,161,170
"224",-32.375,-53.6875,171.5,166,177
"225",-32.375,-53.5625,146.471065945095,88,178.826395670573
"226",-32.375,-53.4375,148.206598917643,87,179.826395670573
"227",-32.375,-53.3125,138.166666666667,123,150
"228",-32.375,-53.1875,144.2,125,153
"229",-32.375,-53.0625,136.166666666667,127,152
"230",-32.375,-52.9375,154,153,155
"231",-32.375,-52.8125,162.714285714286,156,169
"232",-32.375,-52.6875,170.833333333333,165,174
"233",-32.375,-52.5625,173.5,166,177
"234",-32.375,-52.4375,167,167,167
"235",-32.375,-52.1875,168,168,168
"236",-32.125,-55.1875,161.5,161,162
"237",-32.125,-55.0625,179,178,180
"238",-32.125,-54.9375,96.4347826086957,52,173
"239",-32.125,-54.8125,123.225082098269,47,180
"240",-32.125,-54.6875,112.416666666667,49,180
"241",-32.125,-54.5625,130.8,50,176
"242",-32.125,-54.4375,145.275,61,180
"243",-32.125,-54.3125,138,73,174
"244",-32.125,-54.0625,130.666666666667,108,175
"245",-32.125,-53.9375,176.25,172,179
"246",-32.125,-53.8125,175.5,171,180
"247",-32.125,-53.6875,167.5,167,168
"248",-32.125,-53.5625,124.666666666667,89,143
"249",-32.125,-53.4375,150.888888888889,136,178
"250",-32.125,-53.3125,145.466666666667,119,180
"251",-32.125,-53.1875,149,142,154
"252",-32.125,-53.0625,137,131,152
"253",-32.125,-52.9375,156.833333333333,153,162
"254",-32.125,-52.8125,159.5,159,160
"255",-32.125,-51.9375,169,169,169
"256",-32.125,-51.8125,170,170,170
"257",-32.125,-51.6875,171,171,171
"258",-32.125,-51.5625,172,172,172
"259",-31.875,-55.1875,38,38,38
"260",-31.875,-55.0625,128.166666666667,39,178
"261",-31.875,-54.9375,126.569810298451,41,179
"262",-31.875,-54.8125,96,42,170
"263",-31.875,-54.6875,121.393055826823,43,178
"264",-31.875,-54.5625,159.594213189019,75,180
"265",-31.875,-54.4375,151.673913043478,66,180
"266",-31.875,-54.3125,111.5,71,153
"267",-31.875,-54.1875,109,104,112
"268",-31.875,-54.0625,107,105,110
"269",-31.875,-53.9375,137.75,125,173
"270",-31.875,-53.8125,129,128,130
"271",-31.875,-53.6875,135.666666666667,90,171
"272",-31.875,-53.5625,146.142857142857,135,159
"273",-31.875,-53.4375,140.125,118,176
"274",-31.875,-53.3125,158.909090909091,133,175
"275",-31.875,-53.1875,153,134,164
"276",-31.875,-53.0625,166.666666666667,158,179
"277",-31.875,-52.9375,167.5,157,178
"278",-31.875,-52.8125,177,177,177
"279",-31.875,-51.4375,173,173,173
"280",-31.625,-55.6875,162,162,162
"281",-31.625,-55.5625,163,163,163
"282",-31.625,-55.4375,164,164,164
"283",-31.625,-55.3125,165.5,165,166
"284",-31.625,-55.1875,80,36,167
"285",-31.625,-55.0625,165.5,163,168
"286",-31.625,-54.9375,93.1428571428571,45,169
"287",-31.625,-54.8125,115.07024598733,45,169
"288",-31.625,-54.6875,117.931034482759,46,171
"289",-31.625,-54.5625,148.21938162139,44,175
"290",-31.625,-54.4375,161.702478346482,122,180
"291",-31.625,-54.3125,122.8,72,172
"292",-31.625,-54.1875,100.111111111111,76,157
"293",-31.625,-54.0625,118.5,114,123
"294",-31.625,-53.9375,124,124,124
"295",-31.625,-53.8125,99,92,121
"296",-31.625,-53.6875,164.8,160,172
"297",-31.625,-53.5625,141,128,148
"298",-31.625,-53.4375,133.8,116,177
"299",-31.625,-53.3125,169,168,170
"300",-31.625,-53.1875,157.75,135,171
"301",-31.625,-53.0625,169.5,159,180
"302",-31.625,-52.6875,173.857142857143,171,176
"303",-31.625,-51.5625,174,174,174
"304",-31.375,-55.8125,160.333333333333,160,161
"305",-31.375,-55.1875,76.6666666666667,33,162
"306",-31.375,-55.0625,48.625,34,73
"307",-31.375,-54.9375,109.277447412884,42,163
"308",-31.375,-54.8125,117.424242424242,43,168
"309",-31.375,-54.6875,118.086956521739,57,171
"310",-31.375,-54.5625,49,45,53
"311",-31.375,-54.4375,143.294754593461,123,162
"312",-31.375,-54.3125,154.714285714286,145,173
"313",-31.375,-54.1875,105.933333333333,81,174
"314",-31.375,-54.0625,145,116,174
"315",-31.375,-53.9375,118,117,119
"316",-31.375,-53.8125,142.875,103,175
"317",-31.375,-53.6875,140.230769230769,105,174
"318",-31.375,-53.5625,123.5,108,178
"319",-31.375,-53.1875,152.75,136,172
"320",-31.375,-52.8125,170,170,170
"321",-31.375,-52.6875,149.75,143,167
"322",-31.375,-52.5625,146,146,146
"323",-31.375,-52.4375,157.5,147,168
"324",-31.375,-52.3125,158.5,148,169
"325",-31.375,-52.1875,156,149,170
"326",-31.375,-51.9375,179.5,179,180
"327",-31.375,-51.8125,177.5,177,178
"328",-31.375,-51.6875,176,176,176
"329",-31.375,-51.5625,175,175,175
"330",-31.125,-55.8125,159,159,159
"331",-31.125,-55.3125,64.25,31,161
"332",-31.125,-55.1875,74.5,34,164
"333",-31.125,-55.0625,102.848875984313,40,166
"334",-31.125,-54.9375,121.71875,36,167
"335",-31.125,-54.8125,97.2424242424242,44,169
"336",-31.125,-54.6875,100.125,48,170
"337",-31.125,-54.5625,137.6,135,142
"338",-31.125,-54.4375,146.956598917643,134,157
"339",-31.125,-54.3125,154.714285714286,125,165
"340",-31.125,-54.1875,127.071428571429,91,176
"341",-31.125,-53.8125,177.5,175,180
"342",-31.125,-53.6875,152,152,152
"343",-31.125,-53.5625,162.5,111,179
"344",-31.125,-53.4375,175.666666666667,175,176
"345",-31.125,-53.3125,173.5,173,174
"346",-31.125,-53.0625,148,138,167
"347",-31.125,-52.9375,154,140,168
"348",-31.125,-52.8125,154.25,141,169
"349",-31.125,-52.6875,166,166,166
"350",-31.125,-52.4375,155.333333333333,154,157
"351",-31.125,-52.3125,151.5,151,152
"352",-31.125,-52.1875,164.333333333333,150,172
"353",-30.875,-55.9375,156,156,156
"354",-30.875,-55.8125,157.5,157,158
"355",-30.875,-55.6875,122,122,122
"356",-30.875,-55.5625,102.75,29,161
"357",-30.875,-55.4375,87.8571428571429,30,162
"358",-30.875,-55.3125,87,32,163
"359",-30.875,-55.1875,97.7536378890749,38,180
"360",-30.875,-55.0625,107.41935483871,42,165
"361",-30.875,-54.9375,108.176470588235,38,158
"362",-30.875,-54.8125,110.176470588235,39,166
"363",-30.875,-54.6875,82.1428571428571,50,162
"364",-30.875,-54.5625,103.555555555556,51,144
"365",-30.875,-54.4375,146.546627952939,126,167
"366",-30.875,-54.3125,161,151,178
"367",-30.875,-54.1875,118.378378378378,98,177
"368",-30.875,-54.0625,168.666666666667,165,175
"369",-30.875,-53.8125,176,176,176
"370",-30.875,-53.6875,166,153,180
"371",-30.875,-53.5625,180,180,180
"372",-30.875,-52.8125,175.75,164,180
"373",-30.875,-52.6875,162,161,163
"374",-30.875,-52.5625,159,158,160
"375",-30.875,-52.4375,154.5,153,156
"376",-30.875,-52.3125,173,173,173
"377",-30.625,-59.9375,64,63,65
"378",-30.625,-59.8125,88.25,60,170
"379",-30.625,-59.6875,94.5,56,169
"380",-30.625,-59.5625,74.5,48,167
"381",-30.625,-59.4375,50.6666666666667,39,58
"382",-30.625,-59.3125,36,30,42
"383",-30.625,-56.0625,173,173,173
"384",-30.625,-55.9375,164.5,155,174
"385",-30.625,-55.8125,146.875,120,176
"386",-30.625,-55.6875,81.9166666666667,24,177
"387",-30.625,-55.5625,87.1052631578947,28,178
"388",-30.625,-55.4375,115.055555555556,35,180
"389",-30.625,-55.3125,83.0952380952381,38,178
"390",-30.625,-55.1875,103.70109960768,41,177
"391",-30.625,-55.0625,103.317506538805,46,180
"392",-30.625,-54.9375,98.2653013757393,68,161
"393",-30.625,-54.8125,124.772456776012,71,163
"394",-30.625,-54.6875,102.169347038046,73,180
"395",-30.625,-54.5625,91.9947391086154,52,121
"396",-30.625,-54.4375,150.5,127,168
"397",-30.625,-54.3125,165.25,137,179
"398",-30.625,-54.1875,143.25,131,176
"399",-30.625,-54.0625,167.5,167,168
"400",-30.625,-53.8125,156.5,156,157
"401",-30.625,-53.6875,174.2,155,180
"402",-30.625,-52.8125,178,178,178
"403",-30.625,-52.6875,176.5,176,177
"404",-30.625,-52.5625,175,175,175
"405",-30.625,-52.4375,174,174,174
"406",-30.375,-60.0625,67.25,66,68
"407",-30.375,-59.9375,82,80,84
"408",-30.375,-59.8125,86,18,173
"409",-30.375,-59.6875,76.2702702702703,21,127
"410",-30.375,-59.5625,69.1691176470588,23,180
"411",-30.375,-59.4375,83.178947368421,28,180
"412",-30.375,-59.3125,112.365853658537,32,180
"413",-30.375,-59.1875,123.709090909091,34,180
"414",-30.375,-59.0625,83.25,67,95
"415",-30.375,-58.9375,92.5,87,98
"416",-30.375,-58.8125,99,99,99
"417",-30.375,-56.3125,151,151,151
"418",-30.375,-56.1875,155.5,146,171
"419",-30.375,-56.0625,159,147,172
"420",-30.375,-55.9375,154,118,180
"421",-30.375,-55.8125,103.153846153846,21,157
"422",-30.375,-55.6875,79,23,175
"423",-30.375,-55.5625,90.4242424242424,34,176
"424",-30.375,-55.4375,98.7241379310345,36,180
"425",-30.375,-55.3125,108.941425268201,40,176
"426",-30.375,-55.1875,115.760869565217,45,179
"427",-30.375,-55.0625,86,40,140
"428",-30.375,-54.9375,120.411764705882,41,159
"429",-30.375,-54.8125,126.453840268204,42,152
"430",-30.375,-54.6875,109.916484096594,67,172
"431",-30.375,-54.5625,86.2,76,98
"432",-30.375,-54.4375,173,155,180
"433",-30.375,-54.3125,155.166666666667,138,174
"434",-30.375,-54.1875,170.5,170,171
"435",-30.375,-54.0625,177,177,177
"436",-30.375,-53.9375,158,158,158
"437",-30.375,-53.6875,180,180,180
"438",-30.125,-60.0625,82.1666666666667,69,90
"439",-30.125,-59.9375,87.5,85,90
"440",-30.125,-59.8125,64.7123745819398,15,175
"441",-30.125,-59.6875,62.8486997635934,9,180
"442",-30.125,-59.5625,115.393184796855,24,180
"443",-30.125,-59.4375,108.416279069767,25,180
"444",-30.125,-59.3125,100.018292682927,44,170
"445",-30.125,-59.1875,106.552,35,180
"446",-30.125,-59.0625,133.061224489796,42,180
"447",-30.125,-58.9375,113.642857142857,101,180
"448",-30.125,-58.8125,117.833333333333,90,170
"449",-30.125,-58.6875,166.886363636364,152,180
"450",-30.125,-56.6875,172,172,172
"451",-30.125,-56.5625,173,173,173
"452",-30.125,-56.4375,155.666666666667,144,174
"453",-30.125,-56.3125,162.8,145,176
"454",-30.125,-56.1875,170,153,178
"455",-30.125,-56.0625,162.5,148,179
"456",-30.125,-55.9375,107.153846153846,20,159
"457",-30.125,-55.8125,94.4047619047619,21,178
"458",-30.125,-55.6875,85.3421052631579,32,174
"459",-30.125,-55.5625,112.986293993498,37,180
"460",-30.125,-55.4375,74.9266494115194,38,148
"461",-30.125,-55.3125,107.592592592593,38,180
"462",-30.125,-55.1875,107.081967213115,39,178
"463",-30.125,-55.0625,77.52,40,150
"464",-30.125,-54.9375,87.84,41,153
"465",-30.125,-54.8125,115.521739130435,43,154
"466",-30.125,-54.6875,100.3,45,148
"467",-30.125,-54.4375,161,158,164
"468",-30.125,-54.3125,151.882352941176,144,166
"469",-30.125,-54.1875,172.666666666667,172,173
"470",-30.125,-53.9375,168.5,159,178
"471",-30.125,-53.8125,179,179,179
"472",-30.125,-53.6875,165,165,165
"473",-30.125,-53.5625,167,166,168
"474",-30.125,-53.4375,169.5,169,170
"475",-29.875,-60.0625,80.8571428571429,71,93
"476",-29.875,-59.9375,103.875,91,118
"477",-29.875,-59.8125,69.2604166666667,13,129
"478",-29.875,-59.6875,48.1553738317757,7,166
"479",-29.875,-59.5625,72.8928571428571,8,164
"480",-29.875,-59.4375,115.470588235294,11,170
"481",-29.875,-59.3125,82.5128205128205,49,173
"482",-29.875,-59.1875,133.540322580645,69,180
"483",-29.875,-59.0625,113.810810810811,44,176
"484",-29.875,-58.9375,129.946428571429,45,179
"485",-29.875,-58.8125,127.513888888889,93,166
"486",-29.875,-58.6875,161.30612244898,131,180
"487",-29.875,-58.5625,170,165,175
"488",-29.875,-57.4375,134.5,134,135
"489",-29.875,-57.3125,136,136,136
"490",-29.875,-57.1875,137,136,138
"491",-29.875,-57.0625,129.25,107,139
"492",-29.875,-56.9375,136.0625,108,170
"493",-29.875,-56.8125,127,58,171
"494",-29.875,-56.6875,132.962962962963,56,175
"495",-29.875,-56.5625,136.969696969697,110,177
"496",-29.875,-56.4375,138.965517241379,107,179
"497",-29.875,-56.3125,146.772727272727,116,180
"498",-29.875,-56.1875,126.875,16,172
"499",-29.875,-56.0625,113.892857142857,17,156
"500",-29.875,-55.9375,114.289473684211,18,172
"501",-29.875,-55.8125,74.1951219512195,29,141
"502",-29.875,-55.6875,69.8518518518518,30,180
"503",-29.875,-55.5625,53.2290124963831,31,145
"504",-29.875,-55.4375,68.8924731182796,36,96
"505",-29.875,-55.3125,90.3052631578947,43,176
"506",-29.875,-55.1875,95.59375,44,146
"507",-29.875,-55.0625,78.1212121212121,46,149
"508",-29.875,-54.9375,73.1176470588235,48,127
"509",-29.875,-54.8125,94.3333333333333,42,156
"510",-29.875,-54.6875,87.1190476190476,44,155
"511",-29.875,-54.5625,75.5,46,105
"512",-29.875,-54.1875,175,174,176
"513",-29.875,-53.9375,160.5,160,161
"514",-29.875,-53.8125,162.333333333333,162,163
"515",-29.875,-53.6875,164,164,164
"516",-29.875,-53.4375,171.5,171,172
"517",-29.625,-60.4375,38.4347826086957,28,49
"518",-29.625,-59.9375,94.0526315789474,22,122
"519",-29.625,-59.8125,48.8857142857143,8,101
"520",-29.625,-59.6875,61.3397027600849,4,169
"521",-29.625,-59.5625,86.4869451697128,7,179
"522",-29.625,-59.4375,114.669064748201,8,180
"523",-29.625,-59.3125,146.372239747634,13,180
"524",-29.625,-59.1875,152.089743589744,68,180
"525",-29.625,-59.0625,83.6315789473684,70,136
"526",-29.625,-58.9375,97.7704918032787,46,180
"527",-29.625,-58.8125,136.363636363636,130,147
"528",-29.625,-58.6875,150.5,148,153
"529",-29.625,-58.5625,178,176,180
"530",-29.625,-57.9375,107.5,106,109
"531",-29.625,-57.8125,112,110,114
"532",-29.625,-57.6875,117,115,119
"533",-29.625,-57.5625,126,120,133
"534",-29.625,-57.4375,130.428571428571,125,148
"535",-29.625,-57.3125,128.625,91,151
"536",-29.625,-57.1875,118.3125,85,156
"537",-29.625,-57.0625,123.574468085106,88,168
"538",-29.625,-56.9375,117.883720930233,61,161
"539",-29.625,-56.8125,125.901639344262,60,172
"540",-29.625,-56.6875,124.288461538462,55,173
"541",-29.625,-56.5625,125.01724137931,52,169
"542",-29.625,-56.4375,140.308823529412,108,178
"543",-29.625,-56.3125,136.835820895522,49,180
"544",-29.625,-56.1875,118.871794871795,12,180
"545",-29.625,-56.0625,106.2,14,180
"546",-29.625,-55.9375,91.3823529411765,19,178
"547",-29.625,-55.8125,71.7962962962963,22,180
"548",-29.625,-55.6875,55.2631578947368,27,158
"549",-29.625,-55.5625,49.0241770803193,22,79
"550",-29.625,-55.4375,69.2424242424242,23,95
"551",-29.625,-55.3125,86.3720930232558,26,170
"552",-29.625,-55.1875,104.6,60,129
"553",-29.625,-55.0625,98.2352941176471,58,146
"554",-29.625,-54.9375,78,49,130
"555",-29.625,-54.8125,100.833333333333,50,158
"556",-29.625,-54.6875,99.4166666666667,44,135
"557",-29.625,-54.3125,178,178,178
"558",-29.625,-54.1875,177,177,177
"559",-29.625,-53.4375,173,173,173
"560",-29.375,-60.5625,54.5,54,55
"561",-29.375,-60.4375,38.5,24,53
"562",-29.375,-60.3125,37.1764705882353,25,47
"563",-29.375,-60.1875,39.7857142857143,30,49
"564",-29.375,-60.0625,43,43,43
"565",-29.375,-59.9375,77.5333333333333,25,180
"566",-29.375,-59.8125,73.8613138686131,5,179
"567",-29.375,-59.6875,50.3571428571429,2,180
"568",-29.375,-59.5625,55.4197780020182,4,164
"569",-29.375,-59.4375,78.175965665236,2,180
"570",-29.375,-59.3125,135.153846153846,2,180
"571",-29.375,-59.1875,148.60162601626,80,180
"572",-29.375,-59.0625,103.421052631579,73,153
"573",-29.375,-58.9375,97.55,48,180
"574",-29.375,-58.8125,95.6363636363636,74,114
"575",-29.375,-58.6875,110,92,117
"576",-29.375,-58.1875,96,95,97
"577",-29.375,-58.0625,111,98,145
"578",-29.375,-57.9375,136.4,120,148
"579",-29.375,-57.8125,151,149,153
"580",-29.375,-57.6875,148.833333333333,121,156
"581",-29.375,-57.5625,139.5,124,160
"582",-29.375,-57.4375,119.9,87,147
"583",-29.375,-57.3125,113.630434782609,80,163
"584",-29.375,-57.1875,112.690909090909,85,165
"585",-29.375,-57.0625,122.844827586207,80,154
"586",-29.375,-56.9375,122.12,63,167
"587",-29.375,-56.8125,121.492063492063,67,169
"588",-29.375,-56.6875,135.171428571429,80,171
"589",-29.375,-56.5625,131.195652173913,83,176
"590",-29.375,-56.4375,117.465753424658,32,180
"591",-29.375,-56.3125,84.9672131147541,10,178
"592",-29.375,-56.1875,83.9907407407407,10,180
"593",-29.375,-56.0625,84.4528301886792,11,177
"594",-29.375,-55.9375,87.561320754717,14,177
"595",-29.375,-55.8125,58.3534482758621,16,172
"596",-29.375,-55.6875,52.0476190476191,18,159
"597",-29.375,-55.5625,50.5913195292155,20,87
"598",-29.375,-55.4375,57.6428571428571,22,97
"599",-29.375,-55.3125,82.8372093023256,26,127
"600",-29.375,-55.1875,104.346153846154,57,126
"601",-29.375,-55.0625,104.186046511628,56,169
"602",-29.375,-54.9375,89.0322580645161,55,159
"603",-29.375,-54.8125,91.5675675675676,52,159
"604",-29.375,-54.6875,100.5,45,137
"605",-29.375,-54.4375,180,180,180
"606",-29.375,-54.3125,179,179,179
"607",-29.375,-53.3125,174,174,174
"608",-29.125,-60.5625,42,27,57
"609",-29.125,-60.4375,34.2105263157895,22,50
"610",-29.125,-60.3125,40.7323943661972,11,64
"611",-29.125,-60.1875,44.6666666666667,28,62
"612",-29.125,-60.0625,48,46,50
"613",-29.125,-59.9375,52.7619047619048,24,76
"614",-29.125,-59.8125,18.0909090909091,0,177
"615",-29.125,-59.6875,19.8571428571429,1,159
"616",-29.125,-59.5625,62.462256149279,2,179
"617",-29.125,-59.4375,40.7168803418803,0,180
"618",-29.125,-59.3125,73.4533898305085,1,180
"619",-29.125,-59.1875,146.6,7,180
"620",-29.125,-59.0625,17.2707692307692,0,162
"621",-29.125,-58.9375,52.5797101449275,1,119
"622",-29.125,-58.8125,27.5,3,96
"623",-29.125,-58.6875,17.0606060606061,6,93
"624",-29.125,-58.5625,26.2857142857143,7,119
"625",-29.125,-58.4375,44.9473684210526,11,122
"626",-29.125,-58.3125,93,15,113
"627",-29.125,-58.1875,103.1875,74,141
"628",-29.125,-58.0625,98.6,76,146
"629",-29.125,-57.9375,143.034482758621,83,179
"630",-29.125,-57.8125,156.048780487805,93,180
"631",-29.125,-57.6875,140.083333333333,105,167
"632",-29.125,-57.5625,144.5,110,180
"633",-29.125,-57.4375,134.178571428571,83,180
"634",-29.125,-57.3125,104.196428571429,52,162
"635",-29.125,-57.1875,97.1025641025641,14,180
"636",-29.125,-57.0625,101.364406779661,21,169
"637",-29.125,-56.9375,114.847619047619,46,177
"638",-29.125,-56.8125,116.969387755102,59,180
"639",-29.125,-56.6875,114.950617283951,65,164
"640",-29.125,-56.5625,127.489795918367,8,175
"641",-29.125,-56.4375,107.863636363636,8,180
"642",-29.125,-56.3125,97.1485714285714,9,177
"643",-29.125,-56.1875,69.3729961641985,8,180
"644",-29.125,-56.0625,65.4599444580078,10,178
"645",-29.125,-55.9375,71.2857142857143,11,172
"646",-29.125,-55.8125,88.9869281045752,16,180
"647",-29.125,-55.6875,63.9298987173819,17,164
"648",-29.125,-55.5625,48.0483218299018,18,133
"649",-29.125,-55.4375,47.365100508886,20,95
"650",-29.125,-55.3125,94.0882352941177,30,161
"651",-29.125,-55.1875,105.125,78,125
"652",-29.125,-55.0625,116.021276595745,54,167
"653",-29.125,-54.9375,96.025641025641,54,163
"654",-29.125,-54.8125,109.931818181818,55,137
"655",-29.125,-54.6875,93.5333333333333,49,143
"656",-29.125,-53.4375,175.5,175,176
"657",-28.875,-60.6875,59.5,59,60
"658",-28.875,-60.5625,25.8823529411765,19,58
"659",-28.875,-60.4375,31.8674698795181,11,87
"660",-28.875,-60.3125,38.2022471910112,7,83
"661",-28.875,-60.1875,53.6129032258064,3,74
"662",-28.875,-60.0625,43.3333333333333,8,74
"663",-28.875,-59.9375,38.5,4,78
"664",-28.875,-59.8125,18.504854368932,1,97
"665",-28.875,-59.6875,14.8223350253807,1,146
"666",-28.875,-59.5625,51.8976833976834,2,172
"667",-28.875,-59.4375,46.593023255814,1,179
"668",-28.875,-59.3125,28.9166666666667,2,153
"669",-28.875,-59.1875,46.0318725099602,2,179
"670",-28.875,-59.0625,23.375,1,164
"671",-28.875,-58.9375,18.1691729323308,1,170
"672",-28.875,-58.8125,18.036496350365,3,105
"673",-28.875,-58.6875,18.9495798319328,3,98
"674",-28.875,-58.5625,19.8928571428571,6,101
"675",-28.875,-58.4375,19.1694915254237,8,103
"676",-28.875,-58.3125,55.1428571428571,11,127
"677",-28.875,-58.1875,79.1081081081081,17,139
"678",-28.875,-58.0625,114.418604651163,19,174
"679",-28.875,-57.9375,123.716417910448,22,165
"680",-28.875,-57.8125,127.573770491803,41,180
"681",-28.875,-57.6875,124.40243902439,42,180
"682",-28.875,-57.5625,126.986301369863,45,179
"683",-28.875,-57.4375,110.971698113208,48,180
"684",-28.875,-57.3125,88.887573964497,10,177
"685",-28.875,-57.1875,84.0346534653465,10,174
"686",-28.875,-57.0625,82.6019417475728,17,180
"687",-28.875,-56.9375,107.543010752688,22,180
"688",-28.875,-56.8125,111.514705882353,42,175
"689",-28.875,-56.6875,131.672131147541,5,180
"690",-28.875,-56.5625,69.8666666666667,5,177
"691",-28.875,-56.4375,68.3714285714286,6,175
"692",-28.875,-56.3125,64.7379346705741,6,177
"693",-28.875,-56.1875,55.8479587593464,8,180
"694",-28.875,-56.0625,71.5445417659298,10,176
"695",-28.875,-55.9375,69.6647727457682,13,170
"696",-28.875,-55.8125,81.5446200705732,14,177
"697",-28.875,-55.6875,75.9530522390278,15,180
"698",-28.875,-55.5625,49.2413793103448,15,163
"699",-28.875,-55.4375,42.9508196721311,17,161
"700",-28.875,-55.3125,65.6515432852286,21,163
"701",-28.875,-55.1875,75.8387096774193,35,147
"702",-28.875,-55.0625,91.2,42,126
"703",-28.875,-54.9375,118.136363636364,53,139
"704",-28.875,-54.8125,102.677419354839,51,145
"705",-28.875,-54.6875,97.5,64,144
"706",-28.875,-53.5625,177,177,177
"707",-28.625,-60.6875,61.5,61,62
"708",-28.625,-60.5625,40.6060606060606,16,90
"709",-28.625,-60.4375,21.7959183673469,8,88
"710",-28.625,-60.3125,15.8811188811189,4,73
"711",-28.625,-60.1875,5.53048780487805,1,71
"712",-28.625,-60.0625,5.67381974248927,0,81
"713",-28.625,-59.9375,23.1960784313725,4,79
"714",-28.625,-59.8125,10.6709511568123,0,104
"715",-28.625,-59.6875,14.5333333333333,1,150
"716",-28.625,-59.5625,25.9541984732824,3,175
"717",-28.625,-59.4375,53.8984962406015,6,180
"718",-28.625,-59.3125,49.0502392344498,4,146
"719",-28.625,-59.1875,27.2883548983364,1,133
"720",-28.625,-59.0625,17.7161997563946,0,137
"721",-28.625,-58.9375,29.409200968523,2,180
"722",-28.625,-58.8125,20.4105011933174,0,177
"723",-28.625,-58.6875,19.7903225806452,1,125
"724",-28.625,-58.5625,25.765306122449,3,127
"725",-28.625,-58.4375,33.3832335329341,6,177
"726",-28.625,-58.3125,49.5390625,12,180
"727",-28.625,-58.1875,85.4351145038168,14,179
"728",-28.625,-58.0625,97.4653465346535,8,180
"729",-28.625,-57.9375,89.26,10,177
"730",-28.625,-57.8125,101.668604651163,23,175
"731",-28.625,-57.6875,99.5680751173709,25,180
"732",-28.625,-57.5625,120.486363636364,27,180
"733",-28.625,-57.4375,118.857923497268,28,180
"734",-28.625,-57.3125,87.1881188118812,11,180
"735",-28.625,-57.1875,64.8996282527881,6,180
"736",-28.625,-57.0625,80.81,7,180
"737",-28.625,-56.9375,82.5771812080537,8,180
"738",-28.625,-56.8125,86.1538461538462,8,178
"739",-28.625,-56.6875,60.8990825688073,4,180
"740",-28.625,-56.5625,43.0711462450593,3,180
"741",-28.625,-56.4375,46.9139605415585,4,171
"742",-28.625,-56.3125,56.7661219260999,5,180
"743",-28.625,-56.1875,48.1257309941521,7,178
"744",-28.625,-56.0625,67.0766961651917,9,178
"745",-28.625,-55.9375,75.6775067750678,10,180
"746",-28.625,-55.8125,70.3764606744815,12,180
"747",-28.625,-55.6875,66.9836098498003,13,174
"748",-28.625,-55.5625,66.1141414295543,15,178
"749",-28.625,-55.4375,66.2849235350383,17,179.885416666667
"750",-28.625,-55.3125,59.5196596244131,18,167
"751",-28.625,-55.1875,73.0874529477567,22,164
"752",-28.625,-55.0625,83.6,25,160
"753",-28.625,-54.9375,121.55,44,156
"754",-28.625,-54.8125,121.0625,66,150
"755",-28.625,-53.8125,179,179,179
"756",-28.625,-53.6875,178,178,178
"757",-28.375,-60.6875,63,63,63
"758",-28.375,-60.5625,39.3061224489796,13,94
"759",-28.375,-60.4375,20,6,54
"760",-28.375,-60.3125,19.7857142857143,3,90
"761",-28.375,-60.1875,17.3981900452489,1,98
"762",-28.375,-60.0625,10.6829268292683,1,86
"763",-28.375,-59.9375,16.9805194805195,2,150
"764",-28.375,-59.8125,29.4063604240283,1,165
"765",-28.375,-59.6875,33.6096774193548,1,160
"766",-28.375,-59.5625,21.1521739130435,2,83
"767",-28.375,-59.4375,37.4523809523809,4,153
"768",-28.375,-59.3125,59.1486988847584,6,180
"769",-28.375,-59.1875,33.7894736842105,2,142
"770",-28.375,-59.0625,22.3957703927492,1,140
"771",-28.375,-58.9375,28.784588441331,2,144
"772",-28.375,-58.8125,31.6722129783694,1,147
"773",-28.375,-58.6875,28.5526315789474,1,150
"774",-28.375,-58.5625,32.6679462571977,3,152
"775",-28.375,-58.4375,41.7611607142857,6,175
"776",-28.375,-58.3125,52.7605633802817,9,180
"777",-28.375,-58.1875,50.314381270903,12,178
"778",-28.375,-58.0625,59.6986874939074,3,178.329874674479
"779",-28.375,-57.9375,69.9175708417385,5,171.329874674479
"780",-28.375,-57.8125,81.3647469458988,4,180
"781",-28.375,-57.6875,86.2211061560589,6,180
"782",-28.375,-57.5625,89.9899203814987,18,176
"783",-28.375,-57.4375,93.4416961130742,16,178
"784",-28.375,-57.3125,79.1305984559864,6,180
"785",-28.375,-57.1875,59.1751824817518,3,178
"786",-28.375,-57.0625,54.3817504655493,2,179
"787",-28.375,-56.9375,52.4028268551237,3,177
"788",-28.375,-56.8125,48.9462365591398,4,180
"789",-28.375,-56.6875,36.4628975265018,2,157
"790",-28.375,-56.5625,37.6728647535092,2,160
"791",-28.375,-56.4375,59.8698409043849,2,179
"792",-28.375,-56.3125,62.9461078850798,3,180
"793",-28.375,-56.1875,60.9474985678575,7,179
"794",-28.375,-56.0625,63.1908444207626,6,177
"795",-28.375,-55.9375,67.4493321484632,8,178
"796",-28.375,-55.8125,58.3432432432432,10,171
"797",-28.375,-55.6875,64.6727272727273,12,180
"798",-28.375,-55.5625,73.7072265625,16,179
"799",-28.375,-55.4375,63.9098875863211,18,180
"800",-28.375,-55.3125,73.8970000813802,20,171
"801",-28.375,-55.1875,74.4362606232295,19,177
"802",-28.375,-55.0625,62.3617063976469,24,178
"803",-28.375,-54.9375,74.4285714285714,45,157
"804",-28.375,-53.9375,180,180,180
"805",-28.125,-60.6875,49,18,65
"806",-28.125,-60.5625,37.1,10,97
"807",-28.125,-60.4375,34.5350877192982,8,94
"808",-28.125,-60.3125,30.4851485148515,5,100
"809",-28.125,-60.1875,31.0513513513514,2,110
"810",-28.125,-60.0625,18.9940387481371,0,135
"811",-28.125,-59.9375,44.6319018404908,2,180
"812",-28.125,-59.8125,35.3906976744186,5,172
"813",-28.125,-59.6875,46.1022222222222,10,126
"814",-28.125,-59.5625,45.9060773480663,7,128
"815",-28.125,-59.4375,34.7724550898204,7,156
"816",-28.125,-59.3125,48.8736842105263,10,158
"817",-28.125,-59.1875,37.24,7,124
"818",-28.125,-59.0625,42.8134556574924,4,146
"819",-28.125,-58.9375,36.249406175772,5,130
"820",-28.125,-58.8125,28.1925207756233,0,121
"821",-28.125,-58.6875,26.7559274755927,1,125
"822",-28.125,-58.5625,37.7437722419929,3,159
"823",-28.125,-58.4375,31.6686819830713,0,171
"824",-28.125,-58.3125,35.7345597897503,1,180
"825",-28.125,-58.1875,49.1410935719808,2,179.329874674479
"826",-28.125,-58.0625,48.0668530909595,0,180
"827",-28.125,-57.9375,75.0152944920362,2,179.77431233724
"828",-28.125,-57.8125,56.1846010862891,0,180
"829",-28.125,-57.6875,66.8402227244836,1,180
"830",-28.125,-57.5625,84.4600802094224,7,180
"831",-28.125,-57.4375,68.5295294614574,0,171
"832",-28.125,-57.3125,68.0089983413116,1,180
"833",-28.125,-57.1875,67.40434192673,1,176
"834",-28.125,-57.0625,40.589651022864,0,180
"835",-28.125,-56.9375,44.5239085239085,2,180
"836",-28.125,-56.8125,44.36,0,180
"837",-28.125,-56.6875,60.9863713798978,1,176
"838",-28.125,-56.5625,71.4184027886459,2,180
"839",-28.125,-56.4375,44.3819060913985,0,180
"840",-28.125,-56.3125,45.8073777548209,1,180
"841",-28.125,-56.1875,53.4771756835261,3,175
"842",-28.125,-56.0625,66.3614722222222,5,179
"843",-28.125,-55.9375,59.334008097166,7,178
"844",-28.125,-55.8125,53.779552715655,9,180
"845",-28.125,-55.6875,56.6727828746177,12,180
"846",-28.125,-55.5625,65.6726190476191,18,180
"847",-28.125,-55.4375,84.7518808011655,21,180
"848",-28.125,-55.3125,96.069665036669,27,175
"849",-28.125,-55.1875,89.3178294573643,25,180
"850",-28.125,-55.0625,49.3898305084746,21,171
"851",-28.125,-54.9375,60.2189328377707,25,172
"852",-28.125,-54.3125,76,76,76
"853",-28.125,-54.1875,77,77,77
"854",-28.125,-54.0625,78,78,78
"855",-27.875,-60.6875,33.4444444444444,16,99
"856",-27.875,-60.5625,28.1276595744681,6,84
"857",-27.875,-60.4375,39.9154411764706,4,78
"858",-27.875,-60.3125,37.7376623376623,9,109
"859",-27.875,-60.1875,43.6641221374046,3,120
"860",-27.875,-60.0625,31.1412803532009,1,143
"861",-27.875,-59.9375,40.8948170731707,2,180
"862",-27.875,-59.8125,45.1986301369863,4,169
"863",-27.875,-59.6875,42.5758091993186,9,127
"864",-27.875,-59.5625,44.3446153846154,10,135
"865",-27.875,-59.4375,43.2797619047619,11,136
"866",-27.875,-59.3125,66.5714285714286,13,174
"867",-27.875,-59.1875,48.157328499688,17,89
"868",-27.875,-59.0625,54.8475452689237,21,130
"869",-27.875,-58.9375,47.9621603447094,7,151
"870",-27.875,-58.8125,42.3779843963539,1,153
"871",-27.875,-58.6875,30.726218565455,1,156
"872",-27.875,-58.5625,33.1069078947368,3,158
"873",-27.875,-58.4375,35.7463651050081,1,180
"874",-27.875,-58.3125,39.9374233128834,2,178
"875",-27.875,-58.1875,58.9586983729662,1,180
"876",-27.875,-58.0625,52.8466076696165,1,179
"877",-27.875,-57.9375,72.6221244368259,2,180
"878",-27.875,-57.8125,69.7969965954047,1,180
"879",-27.875,-57.6875,78.3813178601276,1,180
"880",-27.875,-57.5625,82.3962172647915,3,177
"881",-27.875,-57.4375,66.3234009859855,1,180
"882",-27.875,-57.3125,66.9775539599698,1,179
"883",-27.875,-57.1875,65.8365079365079,4,176
"884",-27.875,-57.0625,66.1803278688525,1,179
"885",-27.875,-56.9375,76.3181818181818,2,180
"886",-27.875,-56.8125,62.4561101549053,1,180
"887",-27.875,-56.6875,64.5926876707815,1,179
"888",-27.875,-56.5625,74.2935733880917,2,180
"889",-27.875,-56.4375,63.5754625569805,1,180
"890",-27.875,-56.3125,52.8476973751135,2,176
"891",-27.875,-56.1875,48.6127648736615,4,178
"892",-27.875,-56.0625,55.4644450392577,5,180
"893",-27.875,-55.9375,61.3327305605787,5,179
"894",-27.875,-55.8125,60.2054380664653,6,180
"895",-27.875,-55.6875,54,8,167
"896",-27.875,-55.5625,60.0365648328993,16,169
"897",-27.875,-55.4375,73.140625,19,168
"898",-27.875,-55.3125,82.7036585365854,24,178
"899",-27.875,-55.1875,82.6851851851852,27,179
"900",-27.875,-55.0625,44.425,22,78
"901",-27.875,-54.9375,52.3377701088234,23,173
"902",-27.875,-54.8125,103.692307692308,47,150
"903",-27.875,-54.6875,142,142,142
"904",-27.875,-54.3125,74,73,75
"905",-27.875,-54.0625,79,79,79
"906",-27.625,-60.8125,34,22,43
"907",-27.625,-60.6875,36.125,23,101
"908",-27.625,-60.5625,44.7391304347826,9,100
"909",-27.625,-60.4375,19.9218241042345,0,86
"910",-27.625,-60.3125,30.8152492668622,1,115
"911",-27.625,-60.1875,38.0628415300546,4,133
"912",-27.625,-60.0625,49.6612021857923,3,139
"913",-27.625,-59.9375,56.1461538461539,3,157
"914",-27.625,-59.8125,61.4834782608696,5,180
"915",-27.625,-59.6875,57.2877442273535,7,156
"916",-27.625,-59.5625,53.3241895261845,14,137
"917",-27.625,-59.4375,56.1470764850883,14,141
"918",-27.625,-59.3125,58.6382191588633,16,177
"919",-27.625,-59.1875,58.2184804861223,17,180
"920",-27.625,-59.0625,64.4052541175862,24,173
"921",-27.625,-58.9375,62.0179599455033,13,125
"922",-27.625,-58.8125,49.1921009487576,6,130
"923",-27.625,-58.6875,37.4116316991495,3,149.90625
"924",-27.625,-58.5625,37.7454895536049,3,153.90625
"925",-27.625,-58.4375,42.1200445813035,6,177
"926",-27.625,-58.3125,48.3445368389405,6,179
"927",-27.625,-58.1875,56.5485974409449,4,180
"928",-27.625,-58.0625,66.7752399643048,4,180
"929",-27.625,-57.9375,73.6319267636254,4,180
"930",-27.625,-57.8125,78.4930405199649,3,179.90625
"931",-27.625,-57.6875,80.3235964918606,5,180
"932",-27.625,-57.5625,78.6855386767129,4,179.75
"933",-27.625,-57.4375,65.2443181818182,2,176
"934",-27.625,-57.3125,62.6229508196721,2,176
"935",-27.625,-57.1875,70.6302367941712,4,179
"936",-27.625,-57.0625,57.1782945736434,6,180
"937",-27.625,-56.9375,68.2872948696577,6,180
"938",-27.625,-56.8125,68.589051292508,7,180
"939",-27.625,-56.6875,66.2124153199235,9,180
"940",-27.625,-56.5625,82.6272773013349,15,179
"941",-27.625,-56.4375,58.5864769090078,0,180
"942",-27.625,-56.3125,50.4303564602446,1,180
"943",-27.625,-56.1875,60.6424319727891,2,180
"944",-27.625,-56.0625,64.3557894736842,4,180
"945",-27.625,-55.9375,67.8770053475936,5,176
"946",-27.625,-55.8125,58.7443609022556,6,178
"947",-27.625,-55.6875,52.0822496677407,7,149
"948",-27.625,-55.5625,59.8428571428571,13,163
"949",-27.625,-55.4375,74.4796674679487,18,176
"950",-27.625,-55.3125,77.3518170426065,25,149
"951",-27.625,-55.1875,87.3684329710145,29,160
"952",-27.625,-55.0625,64.4791666666667,22,174
"953",-27.625,-54.9375,83.8572857959122,23,160
"954",-27.625,-54.8125,101.235294117647,46,155
"955",-27.625,-54.3125,71,70,72
"956",-27.625,-54.0625,81,81,81
"957",-27.625,-53.9375,80,80,80
"958",-27.375,-60.8125,42.2857142857143,33,45
"959",-27.375,-60.6875,23.5833333333333,18,36
"960",-27.375,-60.5625,35.4222222222222,2,106
"961",-27.375,-60.4375,29.3025,1,90
"962",-27.375,-60.3125,35.6880269814502,1,121
"963",-27.375,-60.1875,42.8063314711359,3,128
"964",-27.375,-60.0625,44.1347517730496,7,114
"965",-27.375,-59.9375,54.8916408668731,10,132
"966",-27.375,-59.8125,60.8434782608696,10,163
"967",-27.375,-59.6875,68.4799301919721,12,167
"968",-27.375,-59.5625,60.7380990472459,14,162
"969",-27.375,-59.4375,59.1839196243628,16,133
"970",-27.375,-59.3125,67.7852132161458,17,179.663208007812
"971",-27.375,-59.1875,68.4753173232245,19,180
"972",-27.375,-59.0625,67.6721616138444,20,177
"973",-27.375,-58.9375,69.7545576691628,28,179
"974",-27.375,-58.8125,68.7049065131646,11,147.90625
"975",-27.375,-58.6875,64.1500948651106,16,166
"976",-27.375,-58.5625,51.0001562747585,5,173
"977",-27.375,-58.4375,49.6062737064085,8,177
"978",-27.375,-58.3125,54.201119740804,9,180
"979",-27.375,-58.1875,62.7003198857893,8,180
"980",-27.375,-58.0625,73.0417166632905,6,180
"981",-27.375,-57.9375,81.3536558562039,9,180
"982",-27.375,-57.8125,83.2385660539594,6,180
"983",-27.375,-57.6875,79.7203938287019,6,176
"984",-27.375,-57.5625,74.5793320913163,7,180
"985",-27.375,-57.4375,70.5802368608763,6,180
"986",-27.375,-57.3125,64.7766758928178,4,180
"987",-27.375,-57.1875,65.1469265367316,5,180
"988",-27.375,-57.0625,64.5056212832556,8,179
"989",-27.375,-56.9375,73.2913804726093,12,179
"990",-27.375,-56.8125,73.3210593588661,14,180
"991",-27.375,-56.6875,66.6067969811889,13,176
"992",-27.375,-56.5625,80.186181678704,16,180
"993",-27.375,-56.4375,78.6703910614525,1,180
"994",-27.375,-56.3125,64.5465924895689,1,179
"995",-27.375,-56.1875,67.0840336134454,3,178
"996",-27.375,-56.0625,58.4061757719715,2,180
"997",-27.375,-55.9375,64.1286549707602,3,180
"998",-27.375,-55.8125,66.540625,9,171
"999",-27.375,-55.6875,56.8948932009627,10,170
"1000",-27.375,-55.5625,67.6802707248264,17,166
"1001",-27.375,-55.4375,100.910005668934,32,180
"1002",-27.375,-55.3125,84.4730235042735,40,177
"1003",-27.375,-55.1875,81.8998188405797,37,161
"1004",-27.375,-55.0625,85.6759982638889,29,175
"1005",-27.375,-54.9375,89.1236111220493,23,164
"1006",-27.375,-54.8125,50.7142857142857,31,102
"1007",-27.375,-54.0625,82.5,82,83
"1008",-27.125,-60.8125,46.8,46,48
"1009",-27.125,-60.6875,31.6666666666667,23,48
"1010",-27.125,-60.5625,40.1290322580645,7,109
"1011",-27.125,-60.4375,15.9507389162562,0,111
"1012",-27.125,-60.3125,33.5071225071225,1,92
"1013",-27.125,-60.1875,34.4389438943894,2,95
"1014",-27.125,-60.0625,36.4198473282443,6,127
"1015",-27.125,-59.9375,37.281124497992,8,111
"1016",-27.125,-59.8125,42.4631901840491,8,124
"1017",-27.125,-59.6875,63.3668224299065,13,169
"1018",-27.125,-59.5625,69.1636301019535,14,170
"1019",-27.125,-59.4375,62.8003382930049,18,173.788208007812
"1020",-27.125,-59.3125,77.3468641395777,19,177.663208007812
"1021",-27.125,-59.1875,78.2324707321894,22,160.954864501953
"1022",-27.125,-59.0625,65.8820489775699,24,155
"1023",-27.125,-58.9375,72.4498521062254,28.9548619588216,180
"1024",-27.125,-58.8125,76.4798395769204,16,162
"1025",-27.125,-58.6875,74.7079910257389,17,158.756947835286
"1026",-27.125,-58.5625,68.0463320500726,8,160.756947835286
"1027",-27.125,-58.4375,66.7602662838034,12,163.756947835286
"1028",-27.125,-58.3125,65.703577154314,15,180
"1029",-27.125,-58.1875,78.2859541762109,17,179
"1030",-27.125,-58.0625,78.2221403496956,10,180
"1031",-27.125,-57.9375,78.8862340682592,10,180
"1032",-27.125,-57.8125,84.2414344079237,13,179
"1033",-27.125,-57.6875,90.3608595123681,9,180
"1034",-27.125,-57.5625,77.7915231864095,7,180
"1035",-27.125,-57.4375,82.6057388328541,7,180
"1036",-27.125,-57.3125,88.2366776751254,5,180
"1037",-27.125,-57.1875,78.9727891870096,6,177
"1038",-27.125,-57.0625,78.7105206803077,8,180
"1039",-27.125,-56.9375,78.0266953578316,16,180
"1040",-27.125,-56.8125,76.595977992565,19,179
"1041",-27.125,-56.6875,78.7905995092351,18,172
"1042",-27.125,-56.5625,86.8309894855654,23,174
"1043",-27.125,-56.4375,85.6360212993464,10,171
"1044",-27.125,-56.3125,70.5275,4,180
"1045",-27.125,-56.1875,41.2455696202532,1,179
"1046",-27.125,-56.0625,39.1954545454545,0,177
"1047",-27.125,-55.9375,62.571072319202,2,176
"1048",-27.125,-55.8125,66.8544024557734,6,173
"1049",-27.125,-55.6875,71.1479823414872,16,176
"1050",-27.125,-55.5625,86.7956174888656,24,179
"1051",-27.125,-55.4375,93.9843571718616,35,173
"1052",-27.125,-55.3125,81.6937448681883,36,178
"1053",-27.125,-55.1875,81.2849014774445,33,177
"1054",-27.125,-55.0625,84.1497128333575,30,163
"1055",-27.125,-54.9375,62.2875,24,127
"1056",-27.125,-54.8125,76.0483218299018,25,115
"1057",-27.125,-54.6875,83.6666666666667,37,107
"1058",-27.125,-54.0625,84.5,84,85
"1059",-26.875,-60.6875,50.6,25,57
"1060",-26.875,-60.5625,32.2692307692308,4,78
"1061",-26.875,-60.4375,17.2436363636364,1,113
"1062",-26.875,-60.3125,22.98,1,116
"1063",-26.875,-60.1875,26.1838565022422,3,137
"1064",-26.875,-60.0625,28.9709090909091,3,131
"1065",-26.875,-59.9375,28.7574468085106,5,154
"1066",-26.875,-59.8125,36.4315352697095,6,157
"1067",-26.875,-59.6875,52.8533333333333,10,135
"1068",-26.875,-59.5625,65.8490445640177,14,173
"1069",-26.875,-59.4375,68.8042242547597,18,174
"1070",-26.875,-59.3125,72.202375522997,19,179
"1071",-26.875,-59.1875,80.802046678834,23,180
"1072",-26.875,-59.0625,83.9101783664747,26,179.954874674479
"1073",-26.875,-58.9375,82.9559985395004,29.9548619588216,179.986124674479
"1074",-26.875,-58.8125,88.9558518429239,38,164
"1075",-26.875,-58.6875,88.3753603686084,28,159.628479003906
"1076",-26.875,-58.5625,87.7441041466785,23,180
"1077",-26.875,-58.4375,91.9106048906922,14,164.628479003906
"1078",-26.875,-58.3125,82.3297620887965,15,165.756947835286
"1079",-26.875,-58.1875,81.5971251415605,17,180
"1080",-26.875,-58.0625,87.1774314597801,18,180
"1081",-26.875,-57.9375,86.4410866736058,21,179
"1082",-26.875,-57.8125,94.8603627414951,22,180
"1083",-26.875,-57.6875,101.613737090392,23,180
"1084",-26.875,-57.5625,103.697632403883,19,180
"1085",-26.875,-57.4375,100.063375936972,8,180
"1086",-26.875,-57.3125,94.0842796397597,8,180
"1087",-26.875,-57.1875,98.9173761386441,10,180
"1088",-26.875,-57.0625,98.0360968128662,11.8854166666667,179
"1089",-26.875,-56.9375,99.877456238615,15,180
"1090",-26.875,-56.8125,96.0617327019429,14,180
"1091",-26.875,-56.6875,90.7012583318927,16,180
"1092",-26.875,-56.5625,94.7011583680117,21,175
"1093",-26.875,-56.4375,88.3537533472455,11,177
"1094",-26.875,-56.3125,78.7661500908265,4,180
"1095",-26.875,-56.1875,51.8146306818182,2,170
"1096",-26.875,-56.0625,48.5934006605691,1,172
"1097",-26.875,-55.9375,69.1504728709552,4,166
"1098",-26.875,-55.8125,65.08930058584,9,166
"1099",-26.875,-55.6875,67.0193249228222,16,180
"1100",-26.875,-55.5625,89.5517004955774,22,180
"1101",-26.875,-55.4375,83.2647121993127,38,180
"1102",-26.875,-55.3125,74.1870993589744,31,179
"1103",-26.875,-55.1875,63.770497311828,30,156
"1104",-26.875,-55.0625,77.7842548076923,31,165
"1105",-26.875,-54.9375,66.9918235450663,25,157
"1106",-26.875,-54.8125,65.9259259259259,26,128
"1107",-26.875,-54.6875,62.3333333333333,39,108
"1108",-26.875,-54.5625,47.5,45,52
"1109",-26.875,-54.3125,90,90,90
"1110",-26.875,-54.1875,88.5,88,89
"1111",-26.875,-54.0625,86.5,86,87
"1112",-26.625,-61.3125,29.25,26,31
"1113",-26.625,-61.1875,24.1538461538462,19,30
"1114",-26.625,-61.0625,18.0714285714286,12,23
"1115",-26.625,-60.9375,27.1428571428571,10,81
"1116",-26.625,-60.8125,25.1162790697674,8,80
"1117",-26.625,-60.6875,32.0087719298246,6,125
"1118",-26.625,-60.5625,18.4489795918367,2,126
"1119",-26.625,-60.4375,10.8853333333333,0,128
"1120",-26.625,-60.3125,17.4083044982699,1,107
"1121",-26.625,-60.1875,29.3262711864407,2,122
"1122",-26.625,-60.0625,14.7857142857143,0,144
"1123",-26.625,-59.9375,22.8371501272265,2,150
"1124",-26.625,-59.8125,39.0213675213675,5,162
"1125",-26.625,-59.6875,54.7457420924574,9,168
"1126",-26.625,-59.5625,63.370253164557,11,172
"1127",-26.625,-59.4375,78.8195421059926,15,176
"1128",-26.625,-59.3125,89.1104869256752,20,180
"1129",-26.625,-59.1875,86.186966066438,21,166
"1130",-26.625,-59.0625,84.3853984143277,28,163.986114501953
"1131",-26.625,-58.9375,96.4506209046691,26,177.986124674479
"1132",-26.625,-58.8125,102.21625387789,37.6006952921549,180
"1133",-26.625,-58.6875,106.469100089598,40,180
"1134",-26.625,-58.5625,106.277761170358,32,177
"1135",-26.625,-58.4375,105.815699845131,29.65625,177
"1136",-26.625,-58.3125,101.349595106285,22,180
"1137",-26.625,-58.1875,106.40606825533,26,180
"1138",-26.625,-58.0625,104.087781976298,28,180
"1139",-26.625,-57.9375,100.124400172751,29,180
"1140",-26.625,-57.8125,92.8223553927767,32,180
"1141",-26.625,-57.6875,95.6881361106007,23,180
"1142",-26.625,-57.5625,96.0907142557873,21,178
"1143",-26.625,-57.4375,97.3037949488912,24,180
"1144",-26.625,-57.3125,91.1931279783946,9,180
"1145",-26.625,-57.1875,96.0751469350001,10,180
"1146",-26.625,-57.0625,97.9008685088126,10.8854166666667,179.784729003906
"1147",-26.625,-56.9375,101.74965122102,11,178
"1148",-26.625,-56.8125,107.54702776591,13,180
"1149",-26.625,-56.6875,106.582692123915,19,179
"1150",-26.625,-56.5625,98.6225938663926,29,180
"1151",-26.625,-56.4375,88.5135676293824,6,180
"1152",-26.625,-56.3125,79.8388723706442,3,179
"1153",-26.625,-56.1875,56.4411393435881,1,180
"1154",-26.625,-56.0625,40.2071280991736,0,178
"1155",-26.625,-55.9375,68.5522729658836,4,180
"1156",-26.625,-55.8125,66.4455947719956,20,180
"1157",-26.625,-55.6875,56.2384615384615,17,146
"1158",-26.625,-55.5625,66.1509688347995,24,138
"1159",-26.625,-55.4375,84.047319900891,35,177
"1160",-26.625,-55.3125,69.5142183698297,36,130.895833333333
"1161",-26.625,-55.1875,70.2024946921444,29,166
"1162",-26.625,-55.0625,80.3460286458333,27,165
"1163",-26.625,-54.9375,76.7669312976656,27,158
"1164",-26.625,-54.8125,68.4545454545455,28,113
"1165",-26.375,-61.3125,32.0833333333333,19,65
"1166",-26.375,-61.1875,29.0952380952381,15,69
"1167",-26.375,-61.0625,34.7162162162162,13,68
"1168",-26.375,-60.9375,54.6022727272727,11,121
"1169",-26.375,-60.8125,55.3274336283186,13,180
"1170",-26.375,-60.6875,62.1042944785276,10,179
"1171",-26.375,-60.5625,33.1645569620253,4,174
"1172",-26.375,-60.4375,28.6766917293233,1,172
"1173",-26.375,-60.3125,34.1587982832618,1,168
"1174",-26.375,-60.1875,40.9523809523809,2,151
"1175",-26.375,-60.0625,24.2204899777283,1,137
"1176",-26.375,-59.9375,33.4002659574468,2,138
"1177",-26.375,-59.8125,53.7348168752898,5,180
"1178",-26.375,-59.6875,75.7237209302326,11,178
"1179",-26.375,-59.5625,78.9450726978998,14,180
"1180",-26.375,-59.4375,72.2564176986584,20,176
"1181",-26.375,-59.3125,74.1753425426774,23,179
"1182",-26.375,-59.1875,85.2858457164604,28,167
"1183",-26.375,-59.0625,83.9485971878986,23,173
"1184",-26.375,-58.9375,88.5667652231484,25,180
"1185",-26.375,-58.8125,107.660469920547,39,180
"1186",-26.375,-58.6875,109.505031034171,42,180
"1187",-26.375,-58.5625,106.366261763273,18,180
"1188",-26.375,-58.4375,84.2815149737528,20,180
"1189",-26.375,-58.3125,110.157947858175,15.9895833333333,180
"1190",-26.375,-58.1875,108.605533212575,19.9895833333333,180
"1191",-26.375,-58.0625,101.874029994199,21.9895833333333,180
"1192",-26.375,-57.9375,104.10183222417,29,180
"1193",-26.375,-57.8125,100.114594223335,34,180
"1194",-26.375,-57.6875,107.577338421414,42,179.940979003906
"1195",-26.375,-57.5625,101.088340532834,32,179.756958007812
"1196",-26.375,-57.4375,109.052709919538,34,180
"1197",-26.375,-57.3125,102.890353940241,16,180
"1198",-26.375,-57.1875,101.464844310351,15,180
"1199",-26.375,-57.0625,101.619935736023,11,179.746541341146
"1200",-26.375,-56.9375,107.639609376884,16,180
"1201",-26.375,-56.8125,108.974277625579,17,180
"1202",-26.375,-56.6875,105.296730982463,14,180
"1203",-26.375,-56.5625,101.169428327972,5,180
"1204",-26.375,-56.4375,70.1744839194042,2,180
"1205",-26.375,-56.3125,62.8371299558857,1,180
"1206",-26.375,-56.1875,69.2948730657567,1,169
"1207",-26.375,-56.0625,68.0337976270177,1,175
"1208",-26.375,-55.9375,75.5084310797984,5,179.895833333333
"1209",-26.375,-55.8125,66.9831539318322,19,180
"1210",-26.375,-55.6875,51.8484848484848,18,134
"1211",-26.375,-55.5625,72.9868259803922,24,179
"1212",-26.375,-55.4375,90.1545526198399,35,178
"1213",-26.375,-55.3125,82.3912385639391,32,159
"1214",-26.375,-55.1875,82.7566203816732,31,167
"1215",-26.375,-55.0625,77.2849407076086,29,166
"1216",-26.375,-54.9375,88.1428571428572,34,159
"1217",-26.125,-61.4375,56.5,43,70
"1218",-26.125,-61.3125,38.8030303030303,22,73
"1219",-26.125,-61.1875,43.7352941176471,20,93
"1220",-26.125,-61.0625,58.5714285714286,23,114
"1221",-26.125,-60.9375,55.9803921568627,15,180
"1222",-26.125,-60.8125,108.270161290323,16,180
"1223",-26.125,-60.6875,114.678411294651,17,180
"1224",-26.125,-60.5625,68.75,11,170
"1225",-26.125,-60.4375,71.0792079207921,4,176
"1226",-26.125,-60.3125,49,2,180
"1227",-26.125,-60.1875,33.4150943396226,1,173
"1228",-26.125,-60.0625,16.5950520833333,0,116
"1229",-26.125,-59.9375,40.2612752721617,2,142
"1230",-26.125,-59.8125,63.5119863013699,6,180
"1231",-26.125,-59.6875,77.5955284552846,7,180
"1232",-26.125,-59.5625,88.5010266940452,9,180
"1233",-26.125,-59.4375,91.1685881877023,8,180
"1234",-26.125,-59.3125,79.6949605855856,14,180
"1235",-26.125,-59.1875,71.864500166334,16,149
"1236",-26.125,-59.0625,86.3245296821938,24,169
"1237",-26.125,-58.9375,95.9692098879855,26,179
"1238",-26.125,-58.8125,99.92376858038,29,177
"1239",-26.125,-58.6875,108.761481498166,27,180
"1240",-26.125,-58.5625,113.016023414137,17,178.170145670573
"1241",-26.125,-58.4375,91.0291021044009,10,180
"1242",-26.125,-58.3125,109.085834712889,14,180
"1243",-26.125,-58.1875,112.685487199104,23,180
"1244",-26.125,-58.0625,104.740091621453,22,180
"1245",-26.125,-57.9375,103.009836339528,23.9895833333333,177
"1246",-26.125,-57.8125,103.934199776448,25.9895833333333,179
"1247",-26.125,-57.6875,106.657733398133,26.9895833333333,180
"1248",-26.125,-57.5625,95.7652339702699,28.9895833333333,180
"1249",-26.125,-57.4375,98.3609378030753,30.9895833333333,180
"1250",-26.125,-57.3125,99.5417576257594,30,180
"1251",-26.125,-57.1875,101.264303981467,24,180
"1252",-26.125,-57.0625,101.751603924498,14,180
"1253",-26.125,-56.9375,103.038015621342,17,180
"1254",-26.125,-56.8125,106.674102075842,11,180
"1255",-26.125,-56.6875,96.6912102147153,4,180
"1256",-26.125,-56.5625,79.1221769574214,1,180
"1257",-26.125,-56.4375,52.4459293432403,0,180
"1258",-26.125,-56.3125,62.70035385934,1,178
"1259",-26.125,-56.1875,62.5062428827155,1,179
"1260",-26.125,-56.0625,70.1877075785024,2,180
"1261",-26.125,-55.9375,76.7413713829066,6,180
"1262",-26.125,-55.8125,78.7581957109698,24,179
"1263",-26.125,-55.6875,76.0222222222222,23,163
"1264",-26.125,-55.5625,105.230769230769,34,180
"1265",-26.125,-55.4375,87.245731124461,33,175
"1266",-26.125,-55.3125,85.7066239577073,34,168
"1267",-26.125,-55.1875,98.6538038542776,38,168
"1268",-26.125,-55.0625,108.310307017544,37,167
"1269",-25.875,-61.4375,55.6666666666667,34,77
"1270",-25.875,-61.3125,39.2295081967213,24,94
"1271",-25.875,-61.1875,51.6142857142857,23,104
"1272",-25.875,-61.0625,65.961038961039,18,180
"1273",-25.875,-60.9375,99.3177570093458,19,180
"1274",-25.875,-60.8125,129.419141914191,23,180
"1275",-25.875,-60.6875,137.270348837209,15,180
"1276",-25.875,-60.5625,120.464741819924,17,180
"1277",-25.875,-60.4375,103.953125,12,180
"1278",-25.875,-60.3125,64.3466042154567,3,180
"1279",-25.875,-60.1875,58.5599078341014,2,180
"1280",-25.875,-60.0625,25.3767441860465,1,174
"1281",-25.875,-59.9375,39.1957671957672,2,169
"1282",-25.875,-59.8125,41.1440677966102,3,166
"1283",-25.875,-59.6875,46.7857142857143,2,177
"1284",-25.875,-59.5625,61.4794520547945,6,161
"1285",-25.875,-59.4375,69.6336497038234,5,180
"1286",-25.875,-59.3125,93.520964360587,6,180
"1287",-25.875,-59.1875,86.3997933884298,8,165
"1288",-25.875,-59.0625,81.6664496527778,17,157
"1289",-25.875,-58.9375,88.9405055224639,20,174
"1290",-25.875,-58.8125,98.9844402313232,9,178
"1291",-25.875,-58.6875,102.897783556216,6,180
"1292",-25.875,-58.5625,102.214144436818,7,180
"1293",-25.875,-58.4375,104.982978864732,8,180
"1294",-25.875,-58.3125,110.883050326643,10,180
"1295",-25.875,-58.1875,105.980096640497,14,180
"1296",-25.875,-58.0625,105.048690294979,18,180
"1297",-25.875,-57.9375,105.112163108779,20,180
"1298",-25.875,-57.8125,109.926565138075,22,180
"1299",-25.875,-57.6875,107.29825687242,12,180
"1300",-25.875,-57.5625,103.70906718997,16,180
"1301",-25.875,-57.4375,112.675288431572,17,180
"1302",-25.875,-57.3125,101.449855245679,13,180
"1303",-25.875,-57.1875,99.1019091564962,10,178
"1304",-25.875,-57.0625,99.2519203994317,8,179
"1305",-25.875,-56.9375,97.4809303728987,6,176
"1306",-25.875,-56.8125,93.9560852780368,13,180
"1307",-25.875,-56.6875,90.8567241347839,4,180
"1308",-25.875,-56.5625,67.644443364535,1,180
"1309",-25.875,-56.4375,56.2573284083961,1,179
"1310",-25.875,-56.3125,56.1636869822834,2,180
"1311",-25.875,-56.1875,62.8623982912952,2,180
"1312",-25.875,-56.0625,65.1561242885466,3,179
"1313",-25.875,-55.9375,84.2874348958333,10,174
"1314",-25.875,-55.8125,123.080439814815,33,178
"1315",-25.875,-55.6875,132.369287634409,44,180
"1316",-25.875,-55.5625,135.968656522734,43,178
"1317",-25.875,-55.4375,138.188301282051,42,173
"1318",-25.875,-55.3125,135,86,172
"1319",-25.875,-55.1875,155,152,158
"1320",-25.625,-61.4375,51.7272727272727,36,79
"1321",-25.625,-61.3125,41.265625,26,74
"1322",-25.625,-61.1875,55.2162162162162,29,79
"1323",-25.625,-61.0625,72.9375,21,180
"1324",-25.625,-60.9375,112.713333333333,29,180
"1325",-25.625,-60.8125,128.801933453237,21,180
"1326",-25.625,-60.6875,137.513108614232,14,180
"1327",-25.625,-60.5625,143.92370457803,13,180
"1328",-25.625,-60.4375,122.112068965517,19,180
"1329",-25.625,-60.3125,92.0458333333333,4,179
"1330",-25.625,-60.1875,75.353032659409,2,180
"1331",-25.625,-60.0625,48.8057324840764,0,180
"1332",-25.625,-59.9375,56.3865199449794,2,180
"1333",-25.625,-59.8125,35.5607798165138,0,180
"1334",-25.625,-59.6875,49.6740837696335,1,180
"1335",-25.625,-59.5625,71.5139116202946,5,178
"1336",-25.625,-59.4375,72.4880646417445,4,174
"1337",-25.625,-59.3125,70.6738410596027,3,180
"1338",-25.625,-59.1875,99.8352941176471,3,180
"1339",-25.625,-59.0625,96.8094813292964,7,174
"1340",-25.625,-58.9375,78.0341884344884,5,170
"1341",-25.625,-58.8125,82.3681153305278,4,179.83681233724
"1342",-25.625,-58.6875,93.0549472830495,5,178
"1343",-25.625,-58.5625,98.2418756742179,6,180
"1344",-25.625,-58.4375,96.8643106457243,12,180
"1345",-25.625,-58.3125,92.2269662921348,13,180
"1346",-25.625,-58.1875,88.269324118201,7,180
"1347",-25.625,-58.0625,74.0638979356841,6,180
"1348",-25.625,-57.9375,96.6103217649651,8,180
"1349",-25.625,-57.8125,95.7234930934676,7,180
"1350",-25.625,-57.6875,104.720548466274,9,180
"1351",-25.625,-57.5625,115.050623627016,12,180
"1352",-25.625,-57.4375,109.598150555073,11,180
"1353",-25.625,-57.3125,101.94108112136,6,180
"1354",-25.625,-57.1875,112.073890801843,5,180
"1355",-25.625,-57.0625,89.3156005939474,4,180
"1356",-25.625,-56.9375,88.932040257733,3,180
"1357",-25.625,-56.8125,87.6901812693817,4,180
"1358",-25.625,-56.6875,82.7033085853049,2,180
"1359",-25.625,-56.5625,46.1450377442274,1,180
"1360",-25.625,-56.4375,30.8971820589596,0,177
"1361",-25.625,-56.3125,64.5148193758298,1,178
"1362",-25.625,-56.1875,65.9217544355901,3,159
"1363",-25.625,-56.0625,70.8080808080808,4,178
"1364",-25.625,-55.9375,62.425,15,173
"1365",-25.625,-55.8125,93.95,34,172
"1366",-25.625,-55.6875,147.714285714286,84,169
"1367",-25.625,-55.5625,175.944458007812,175.944458007812,175.944458007812
"1368",-25.375,-61.4375,50,49,51
"1369",-25.375,-61.3125,48.6875,27,82
"1370",-25.375,-61.1875,66.9,43,120
"1371",-25.375,-61.0625,122.739130434783,23,180
"1372",-25.375,-60.9375,121.931034482759,28,180
"1373",-25.375,-60.8125,134.258487654321,30,180
"1374",-25.375,-60.6875,125.21087398374,20,180
"1375",-25.375,-60.5625,137.166666666667,11,180
"1376",-25.375,-60.4375,147.95519658264,6,180
"1377",-25.375,-60.3125,121.504672897196,6,180
"1378",-25.375,-60.1875,95.987146529563,4,180
"1379",-25.375,-60.0625,71.2572658772874,1,180
"1380",-25.375,-59.9375,69.8611361587015,2,180
"1381",-25.375,-59.8125,69.5941828254848,2,180
"1382",-25.375,-59.6875,80.3028263795424,1,180
"1383",-25.375,-59.5625,91.9400544959128,3,180
"1384",-25.375,-59.4375,84.9958179794287,2,180
"1385",-25.375,-59.3125,71.4064641130529,2,180
"1386",-25.375,-59.1875,77.260449066874,2,177
"1387",-25.375,-59.0625,95.0584642233857,2,180
"1388",-25.375,-58.9375,70.7359390485629,2,179
"1389",-25.375,-58.8125,62.3923679060665,2,179
"1390",-25.375,-58.6875,65.7561944091487,2,180
"1391",-25.375,-58.5625,74.0208333333333,5,180
"1392",-25.375,-58.4375,89.6649484536082,8,180
"1393",-25.375,-58.3125,79.767258382643,12,180
"1394",-25.375,-58.1875,67.5480715642972,2,180
"1395",-25.375,-58.0625,70.3147446106527,3,179
"1396",-25.375,-57.9375,84.9947938770235,3,180
"1397",-25.375,-57.8125,84.3453861895656,2,180
"1398",-25.375,-57.6875,95.8993283798134,2,180
"1399",-25.375,-57.5625,104.527348935994,3,180
"1400",-25.375,-57.4375,107.666825637319,3,180
"1401",-25.375,-57.3125,99.3456548960335,1,180
"1402",-25.375,-57.1875,111.83296306591,2,180
"1403",-25.375,-57.0625,94.2622748257821,1,180
"1404",-25.375,-56.9375,76.7391725287118,1,180
"1405",-25.375,-56.8125,78.7615689393704,4,179.840291341146
"1406",-25.375,-56.6875,59.9154477356173,2,180
"1407",-25.375,-56.5625,41.1025894342762,1,176
"1408",-25.375,-56.4375,41.0327825787424,1,179
"1409",-25.375,-56.3125,66.1964527027027,4,174
"1410",-25.375,-56.1875,53.1546391752577,3,146
"1411",-25.375,-56.0625,62.16,3,175
"1412",-25.375,-55.9375,67.0444444444444,14,174
"1413",-25.375,-55.8125,121.594445800781,35,179.944458007812
"1414",-25.375,-55.6875,104.388891601563,50,178.944458007812
"1415",-25.375,-55.3125,175,175,175
"1416",-25.375,-55.1875,175.5,173,178
"1417",-25.375,-54.9375,138,138,138
"1418",-25.375,-54.8125,146.333333333333,139,153
"1419",-25.375,-54.6875,151.75,141,170
"1420",-25.125,-61.4375,52.1428571428571,50,54
"1421",-25.125,-61.3125,54.5263157894737,35,86
"1422",-25.125,-61.1875,60.5,30,125
"1423",-25.125,-61.0625,97.3055555555556,24,179
"1424",-25.125,-60.9375,102.487394957983,29,180
"1425",-25.125,-60.8125,127.185185185185,31,180
"1426",-25.125,-60.6875,127.902985074627,31,180
"1427",-25.125,-60.5625,138.873046875,30,180
"1428",-25.125,-60.4375,149.562287414966,16,180
"1429",-25.125,-60.3125,149.099780820731,14,180
"1430",-25.125,-60.1875,140.210986267166,9,180
"1431",-25.125,-60.0625,128.383920505872,2,180
"1432",-25.125,-59.9375,92.1329526916803,2,180
"1433",-25.125,-59.8125,83.8818897637795,4,180
"1434",-25.125,-59.6875,89.3315229500891,5,180
"1435",-25.125,-59.5625,92.2215743440233,3,180
"1436",-25.125,-59.4375,80.0202026963234,0,180
"1437",-25.125,-59.3125,64.7861798098157,1,180
"1438",-25.125,-59.1875,63.0682833859096,1,180
"1439",-25.125,-59.0625,64.506329533404,0,180
"1440",-25.125,-58.9375,86.4139070976492,2,180
"1441",-25.125,-58.8125,64.5611089544513,0,180
"1442",-25.125,-58.6875,71.4268315018315,1,180
"1443",-25.125,-58.5625,75.2763819095477,4,180
"1444",-25.125,-58.4375,78.5363636363636,3,180
"1445",-25.125,-58.3125,88.396694214876,4,180
"1446",-25.125,-58.1875,74.5044934640523,1,180
"1447",-25.125,-58.0625,62.630200163273,0,180
"1448",-25.125,-57.9375,91.8474426113988,2,180
"1449",-25.125,-57.8125,82.4601178718336,0,180
"1450",-25.125,-57.6875,92.4266556906835,1,180
"1451",-25.125,-57.5625,98.0798362139698,2,180
"1452",-25.125,-57.4375,79.3572817983493,0,180
"1453",-25.125,-57.3125,86.137509994567,1,180
"1454",-25.125,-57.1875,100.616685535479,1,180
"1455",-25.125,-57.0625,69.5674297470194,0,180
"1456",-25.125,-56.9375,76.055140785549,1,180
"1457",-25.125,-56.8125,58.5358080804792,0,180
"1458",-25.125,-56.6875,54.6662801504135,1,180
"1459",-25.125,-56.5625,50.0543936446174,1,180
"1460",-25.125,-56.4375,41.5125319674554,1,178
"1461",-25.125,-56.3125,59.6683558558559,4,179
"1462",-25.125,-56.1875,49.3946208651104,4,145
"1463",-25.125,-56.0625,58.327868852459,4,176
"1464",-25.125,-55.9375,69.2708333333333,4,175
"1465",-25.125,-55.8125,76.9333333333333,12,172
"1466",-25.125,-55.6875,51,51,51
"1467",-25.125,-55.4375,172.5,172,173
"1468",-25.125,-55.3125,172.333333333333,171,174
"1469",-25.125,-55.1875,178,176,180
"1470",-25.125,-55.0625,158.8,135,180
"1471",-25.125,-54.9375,154.25,137,166
"1472",-25.125,-54.8125,154.666666666667,144,177
"1473",-25.125,-54.6875,169,155,174
"1474",-25.125,-54.5625,156.5,156,157
"1475",-24.875,-61.5625,81.5384615384615,56,100
"1476",-24.875,-61.4375,73.8,54,91
"1477",-24.875,-61.3125,63.5675675675676,42,88
"1478",-24.875,-61.1875,66.6875,37,105
"1479",-24.875,-61.0625,94.7752808988764,36,180
"1480",-24.875,-60.9375,104.542704626335,26,180
"1481",-24.875,-60.8125,118.676328502415,33,180
"1482",-24.875,-60.6875,133.117346938776,48,180
"1483",-24.875,-60.5625,134.289855072464,57,180
"1484",-24.875,-60.4375,132.893470447284,15,180
"1485",-24.875,-60.3125,140.289533778599,13,180
"1486",-24.875,-60.1875,132.722186137214,11,180
"1487",-24.875,-60.0625,130.767795138889,9,180
"1488",-24.875,-59.9375,118.992667557395,5,180
"1489",-24.875,-59.8125,109.571533570952,7,180
"1490",-24.875,-59.6875,110.625351167138,8,180
"1491",-24.875,-59.5625,114.919630408052,7,180
"1492",-24.875,-59.4375,106.989330629059,1,180
"1493",-24.875,-59.3125,86.8737631709622,1,180
"1494",-24.875,-59.1875,82.9709160557767,1,180
"1495",-24.875,-59.0625,60.1498908168083,1,180
"1496",-24.875,-58.9375,74.1337544326241,2,180
"1497",-24.875,-58.8125,85.5442481884058,1,180
"1498",-24.875,-58.6875,92.4559908789386,2,180
"1499",-24.875,-58.5625,90.1502392344498,2,180
"1500",-24.875,-58.4375,93.8018575851393,1,180
"1501",-24.875,-58.3125,83.5825136612022,1,180
"1502",-24.875,-58.1875,76.3388231981982,2,180
"1503",-24.875,-58.0625,74.8042785700373,1,180
"1504",-24.875,-57.9375,110.66449932215,2,180
"1505",-24.875,-57.8125,107.582883563615,1,180
"1506",-24.875,-57.6875,83.8284301190308,1,180
"1507",-24.875,-57.5625,87.2173225892419,2,180
"1508",-24.875,-57.4375,84.8665580194022,1,180
"1509",-24.875,-57.3125,79.6636905917874,1,178
"1510",-24.875,-57.1875,99.8701411325209,2,180
"1511",-24.875,-57.0625,84.0297977648946,1,180
"1512",-24.875,-56.9375,80.4036502648498,2,180
"1513",-24.875,-56.8125,60.9317590358889,1,180
"1514",-24.875,-56.6875,57.1182513517492,1,180
"1515",-24.875,-56.5625,58.0343347639485,2,177
"1516",-24.875,-56.4375,48.5540780141844,1,180
"1517",-24.875,-56.3125,56.7709077380952,5,179
"1518",-24.875,-56.1875,37.1107639312744,5,180
"1519",-24.875,-56.0625,33.7375,5,180
"1520",-24.875,-55.9375,67.1935483870968,10,179
"1521",-24.875,-55.8125,123.1,54,180
"1522",-24.875,-55.6875,168,168,168
"1523",-24.875,-55.5625,170,169,171
"1524",-24.875,-55.4375,170,170,170
"1525",-24.875,-55.1875,147.75,133,162
"1526",-24.875,-55.0625,168.4,163,171
"1527",-24.875,-54.9375,174,172,176
"1528",-24.875,-54.8125,179,178,180
"1529",-24.875,-54.6875,175.5,175,176
"1530",-24.875,-54.4375,158,158,158
"1531",-24.875,-54.3125,159.5,159,160
"1532",-24.875,-54.1875,161,161,161
"1533",-24.875,-54.0625,162,162,162
"1534",-24.625,-61.6875,83.7,60,117
"1535",-24.625,-61.5625,107.428571428571,101,113
"1536",-24.625,-61.4375,85,80,92
"1537",-24.625,-61.3125,63.6666666666667,50,90
"1538",-24.625,-61.1875,75.1621621621622,39,115
"1539",-24.625,-61.0625,93.5555555555556,30,133
"1540",-24.625,-60.9375,114.252225519288,29,180
"1541",-24.625,-60.8125,118.129310344828,41,180
"1542",-24.625,-60.6875,117.827586206897,41,180
"1543",-24.625,-60.5625,122.089552238806,46,180
"1544",-24.625,-60.4375,120.393663194444,26,180
"1545",-24.625,-60.3125,132.664649636254,24,180
"1546",-24.625,-60.1875,132.467476799718,21,180
"1547",-24.625,-60.0625,130.766476759844,19,180
"1548",-24.625,-59.9375,125.158363907878,11,180
"1549",-24.625,-59.8125,123.032176616769,12,180
"1550",-24.625,-59.6875,120.032982187312,13,180
"1551",-24.625,-59.5625,117.020838603161,11,180
"1552",-24.625,-59.4375,122.488967407784,3,180
"1553",-24.625,-59.3125,106.344602938701,3,180
"1554",-24.625,-59.1875,98.3254006160806,3,180
"1555",-24.625,-59.0625,72.8643702906351,3,180
"1556",-24.625,-58.9375,72.9482599431818,3,180
"1557",-24.625,-58.8125,73.4211055276382,0,180
"1558",-24.625,-58.6875,65.7554264555669,1,180
"1559",-24.625,-58.5625,62.4250284190276,1,180
"1560",-24.625,-58.4375,65.8384754990926,0,180
"1561",-24.625,-58.3125,80.0599828620394,1,180
"1562",-24.625,-58.1875,86.2799263351749,1,180
"1563",-24.625,-58.0625,87.8011716978012,0,180
"1564",-24.625,-57.9375,107.410006671218,1,180
"1565",-24.625,-57.8125,84.0168364912252,0,180
"1566",-24.625,-57.6875,86.3861162435441,1,180
"1567",-24.625,-57.5625,87.4689702951525,2,180
"1568",-24.625,-57.4375,89.3976850545986,2,180
"1569",-24.625,-57.3125,96.1158084997239,3,180
"1570",-24.625,-57.1875,94.0551971334829,3,180
"1571",-24.625,-57.0625,95.7756024372729,2,180
"1572",-24.625,-56.9375,76.9307269781408,2,180
"1573",-24.625,-56.8125,72.4912964836,1,180
"1574",-24.625,-56.6875,66.8965856764052,1,176
"1575",-24.625,-56.5625,54.2682254556593,2,177
"1576",-24.625,-56.4375,44.2450646614379,2,180
"1577",-24.625,-56.3125,66.6224489795918,2,180
"1578",-24.625,-56.1875,26.5491329479769,5,139
"1579",-24.625,-56.0625,18.953488372093,7,41
"1580",-24.625,-55.8125,152,144,167
"1581",-24.625,-55.4375,130,130,130
"1582",-24.625,-55.3125,143.2,131,161
"1583",-24.625,-55.1875,166,165,167
"1584",-24.625,-55.0625,168,168,168
"1585",-24.625,-54.6875,177,177,177
"1586",-24.625,-54.5625,178.5,178,179
"1587",-24.625,-54.0625,163,163,163
"1588",-24.625,-53.9375,164,164,164
"1589",-24.375,-61.6875,98.9166666666667,66,124
"1590",-24.375,-61.5625,73.5,71,76
"1591",-24.375,-61.3125,63.5714285714286,52,85
"1592",-24.375,-61.1875,62.4814814814815,40,93
"1593",-24.375,-61.0625,80.8965517241379,31,174
"1594",-24.375,-60.9375,126.430962343096,33,180
"1595",-24.375,-60.8125,120.914098972923,36,180
"1596",-24.375,-60.6875,139.555555555556,61,180
"1597",-24.375,-60.5625,110.116666666667,39,173
"1598",-24.375,-60.4375,100.397435897436,25,177
"1599",-24.375,-60.3125,102.793103448276,37,180
"1600",-24.375,-60.1875,114.71152409734,29,180
"1601",-24.375,-60.0625,125.335676487868,34,180
"1602",-24.375,-59.9375,119.529468031787,18,180
"1603",-24.375,-59.8125,109.08825553922,15,180
"1604",-24.375,-59.6875,109.228895649389,23,180
"1605",-24.375,-59.5625,120.09928764838,19,180
"1606",-24.375,-59.4375,118.549795166853,19,180
"1607",-24.375,-59.3125,104.542926140334,5,180
"1608",-24.375,-59.1875,102.83049765516,5,180
"1609",-24.375,-59.0625,104.760860120852,5,180
"1610",-24.375,-58.9375,95.9219501927956,3,180
"1611",-24.375,-58.8125,93.031280757874,1,180
"1612",-24.375,-58.6875,91.7458310489766,1,180
"1613",-24.375,-58.5625,92.5807818825911,2,180
"1614",-24.375,-58.4375,91.5810437842598,1,180
"1615",-24.375,-58.3125,96.9454618537076,1,180
"1616",-24.375,-58.1875,104.44974749849,2,180
"1617",-24.375,-58.0625,110.815566257764,1,180
"1618",-24.375,-57.9375,101.98775324273,2,180
"1619",-24.375,-57.8125,99.8294981785961,1,180
"1620",-24.375,-57.6875,102.231857517071,1,180
"1621",-24.375,-57.5625,98.7298205331408,3,180
"1622",-24.375,-57.4375,105.514718866608,4,180
"1623",-24.375,-57.3125,106.823895140119,4,180
"1624",-24.375,-57.1875,93.2165125828163,3,180
"1625",-24.375,-57.0625,85.3135380856372,3,179.9375
"1626",-24.375,-56.9375,84.1370395168388,3,180
"1627",-24.375,-56.8125,83.1724538651724,2,180
"1628",-24.375,-56.6875,73.9355426184111,2,180
"1629",-24.375,-56.5625,63.9415006038647,3,173
"1630",-24.375,-56.4375,75.1481481481482,2,173
"1631",-24.375,-56.3125,53.9019607843137,2,178
"1632",-24.375,-56.0625,151.148148148148,136.666666666667,163
"1633",-24.375,-55.9375,146.833333333333,132.666666666667,155.666666666667
"1634",-24.375,-55.8125,149.615384615385,139,163
"1635",-24.375,-55.6875,144,143,145
"1636",-24.375,-55.5625,135.833333333333,126,142
"1637",-24.375,-55.4375,138.294117647059,128,159
"1638",-24.375,-55.3125,163,162,164
"1639",-24.375,-54.5625,180,180,180
"1640",-24.375,-53.9375,165,165,165
"1641",-24.375,-53.8125,166,166,166
"1642",-24.125,-61.6875,129,125,133
"1643",-24.125,-61.4375,78.5,77,80
"1644",-24.125,-61.1875,65.3333333333333,54,87
"1645",-24.125,-61.0625,68.0892857142857,44,174
"1646",-24.125,-60.9375,144.819875776398,57,180
"1647",-24.125,-60.8125,121.199040767386,38,180
"1648",-24.125,-60.6875,123.070422535211,57,180
"1649",-24.125,-60.5625,129.58064516129,49,180
"1650",-24.125,-60.4375,138.594059405941,47,178
"1651",-24.125,-60.3125,130.423524475098,23,180
"1652",-24.125,-60.1875,125.365043191349,33,178
"1653",-24.125,-60.0625,114.507176378038,18,180
"1654",-24.125,-59.9375,97.1739130434783,16,172
"1655",-24.125,-59.8125,139.275738912915,15,180
"1656",-24.125,-59.6875,120.217624899782,14,180
"1657",-24.125,-59.5625,110.558778185211,30,179
"1658",-24.125,-59.4375,115.18266027114,12,180
"1659",-24.125,-59.3125,113.651778604151,6,180
"1660",-24.125,-59.1875,123.142610083686,7,180
"1661",-24.125,-59.0625,125.514492302204,5,180
"1662",-24.125,-58.9375,113.908142577703,5,180
"1663",-24.125,-58.8125,103.403140205703,4,180
"1664",-24.125,-58.6875,96.5672514619883,4,180
"1665",-24.125,-58.5625,105.555514301151,11,180
"1666",-24.125,-58.4375,113.880879104108,6,180
"1667",-24.125,-58.3125,111.14644005998,2,180
"1668",-24.125,-58.1875,108.83014238621,3,180
"1669",-24.125,-58.0625,103.756170035873,3,180
"1670",-24.125,-57.9375,92.1306774036385,4,180
"1671",-24.125,-57.8125,90.7870617024589,2,180
"1672",-24.125,-57.6875,94.4088576697002,3,180
"1673",-24.125,-57.5625,92.1660420057052,4,180
"1674",-24.125,-57.4375,103.918519042467,6,180
"1675",-24.125,-57.3125,106.026405758328,5,180
"1676",-24.125,-57.1875,96.674966014368,4,180
"1677",-24.125,-57.0625,93.8262338432067,3,180
"1678",-24.125,-56.9375,100.416156603898,4,180
"1679",-24.125,-56.8125,111.628864049485,3,180
"1680",-24.125,-56.6875,124.101840823846,3,180
"1681",-24.125,-56.5625,92.0783579756574,3,180
"1682",-24.125,-56.4375,101.791666666667,3,178
"1683",-24.125,-56.3125,135.5,4,163
"1684",-24.125,-56.1875,61.875,5,159
"1685",-24.125,-56.0625,147.766666666667,129.666666666667,165.666666666667
"1686",-24.125,-55.9375,158.783333333333,131.666666666667,180
"1687",-24.125,-55.8125,145,135,164
"1688",-24.125,-55.5625,152.5,125,180
"1689",-24.125,-55.4375,134.166666666667,121,155
"1690",-24.125,-55.3125,160.5,160,161
"1691",-24.125,-53.8125,167.5,167,168
"1692",-23.875,-61.8125,137,137,137
"1693",-23.875,-61.6875,137.571428571429,134,141
"1694",-23.875,-61.3125,82,81,83
"1695",-23.875,-61.1875,74.6666666666667,55,85
"1696",-23.875,-61.0625,70.2962962962963,48,99
"1697",-23.875,-60.9375,116.148648648649,49,180
"1698",-23.875,-60.8125,105.463157894737,52,180
"1699",-23.875,-60.6875,127.835,57,180
"1700",-23.875,-60.5625,132.308333333333,50,180
"1701",-23.875,-60.4375,148.91889111201,55,180
"1702",-23.875,-60.3125,145.986892445882,44,180
"1703",-23.875,-60.1875,135.066176470588,22,180
"1704",-23.875,-60.0625,128.777070063694,21,180
"1705",-23.875,-59.9375,132.653846153846,15,180
"1706",-23.875,-59.8125,133.870805623372,14,180
"1707",-23.875,-59.6875,135.933152002646,13,180
"1708",-23.875,-59.5625,124.038229772887,19,180
"1709",-23.875,-59.4375,97.2324169745365,10,180
"1710",-23.875,-59.3125,68.4756756756757,9,180
"1711",-23.875,-59.1875,105.035958997009,8,180
"1712",-23.875,-59.0625,87.3484703567903,8,180
"1713",-23.875,-58.9375,84.2505635284304,6,180
"1714",-23.875,-58.8125,93.8636693261238,6,180
"1715",-23.875,-58.6875,84.018018018018,9,180
"1716",-23.875,-58.5625,105.370356693305,8,180
"1717",-23.875,-58.4375,114.805085899115,7,180
"1718",-23.875,-58.3125,109.45144044856,7,180
"1719",-23.875,-58.1875,104.674289229857,7,180
"1720",-23.875,-58.0625,110.429001563852,5,180
"1721",-23.875,-57.9375,93.1408153884567,4,180
"1722",-23.875,-57.8125,98.9095185241947,3,180
"1723",-23.875,-57.6875,94.0744773955727,4,180
"1724",-23.875,-57.5625,101.838072273372,6,180
"1725",-23.875,-57.4375,112.225226861937,5,180
"1726",-23.875,-57.3125,112.456942395147,4,180
"1727",-23.875,-57.1875,99.905597533849,4,180
"1728",-23.875,-57.0625,95.1955237186316,5,180
"1729",-23.875,-56.9375,97.0499506949435,4,180
"1730",-23.875,-56.8125,123.818883642517,5,180
"1731",-23.875,-56.6875,113.639275303593,43,175
"1732",-23.875,-56.5625,128.50890382946,50,170
"1733",-23.875,-56.4375,124.511189778646,49,179
"1734",-23.875,-56.3125,142.830494273793,111,180
"1735",-23.875,-56.1875,104.757575757576,14,169.666666666667
"1736",-23.875,-56.0625,135.848484848485,91,168.666666666667
"1737",-23.875,-55.9375,130.285714285714,85,178
"1738",-23.875,-55.8125,100.238095238095,81,134
"1739",-23.875,-55.6875,104.142857142857,79,132
"1740",-23.875,-55.5625,151.4,122,179
"1741",-23.875,-55.4375,130,119,151
"1742",-23.875,-55.3125,155.666666666667,150,159
"1743",-23.875,-53.8125,169.5,169,170
"1744",-23.875,-53.6875,171,171,171
"1745",-23.625,-61.6875,144.875,142,148
"1746",-23.625,-61.1875,86,86,86
"1747",-23.625,-61.0625,77,56,101
"1748",-23.625,-60.9375,105.2,53,180
"1749",-23.625,-60.8125,95.6,54,173
"1750",-23.625,-60.6875,126.170886075949,58,180
"1751",-23.625,-60.5625,129.594594594595,40,180
"1752",-23.625,-60.4375,134.50814985418,36,180
"1753",-23.625,-60.3125,138.539136121502,33,180
"1754",-23.625,-60.1875,131.407207971332,31,177
"1755",-23.625,-60.0625,127.022569502907,30,180
"1756",-23.625,-59.9375,132.566176470588,20,180
"1757",-23.625,-59.8125,131.221556886228,14,180
"1758",-23.625,-59.6875,112.792378243201,12,180
"1759",-23.625,-59.5625,111.830415925096,11,180
"1760",-23.625,-59.4375,115.057372455449,10,179
"1761",-23.625,-59.3125,93.8457989501953,10,180
"1762",-23.625,-59.1875,110.444146641245,10,180
"1763",-23.625,-59.0625,106.403829890507,8,180
"1764",-23.625,-58.9375,102.225450700741,13,180
"1765",-23.625,-58.8125,94.1447392446891,12,180
"1766",-23.625,-58.6875,113.567455816822,11,180
"1767",-23.625,-58.5625,130.687683623053,13,180
"1768",-23.625,-58.4375,121.945964491706,8,180
"1769",-23.625,-58.3125,109.70177408088,10,180
"1770",-23.625,-58.1875,108.597395825238,6,180
"1771",-23.625,-58.0625,97.4859230530086,5,180
"1772",-23.625,-57.9375,108.41595093927,4,180
"1773",-23.625,-57.8125,100.953471728982,5,180
"1774",-23.625,-57.6875,83.0230162714569,6,179
"1775",-23.625,-57.5625,102.69960548541,6,180
"1776",-23.625,-57.4375,107.901329764126,5,180
"1777",-23.625,-57.3125,105.876763802988,7,172
"1778",-23.625,-57.1875,106.343580068786,61,155
"1779",-23.625,-57.0625,106.097718323169,55,179
"1780",-23.625,-56.9375,102.008727477477,39,178
"1781",-23.625,-56.8125,91.9264322916667,38,158
"1782",-23.625,-56.6875,106.12018289652,40,173
"1783",-23.625,-56.5625,140.240079752604,44,175
"1784",-23.625,-56.4375,121.000306060349,45,178.600708007812
"1785",-23.625,-56.3125,150.185764857701,112,179.600708007812
"1786",-23.625,-56.1875,125.777777777778,17,180
"1787",-23.625,-56.0625,114.777777777778,93,155
"1788",-23.625,-55.9375,125,125,125
"1789",-23.625,-55.8125,113,96,122
"1790",-23.625,-55.6875,96.8947368421053,78,120
"1791",-23.625,-55.5625,110.933333333333,76,127
"1792",-23.625,-55.4375,155.666666666667,118,175
"1793",-23.625,-55.3125,145.4,117,157
"1794",-23.625,-53.6875,172,172,172
"1795",-23.375,-61.6875,154.5,149,160
"1796",-23.375,-61.5625,165.222222222222,161,171
"1797",-23.375,-61.0625,88,88,88
"1798",-23.375,-60.9375,123.258064516129,58,180
"1799",-23.375,-60.8125,97.8333333333333,56,174
"1800",-23.375,-60.6875,123.937007874016,45,180
"1801",-23.375,-60.5625,131.776381577903,39,180
"1802",-23.375,-60.4375,132.361111111111,35,180
"1803",-23.375,-60.3125,111.257142857143,44,178
"1804",-23.375,-60.1875,127.038461538462,43,180
"1805",-23.375,-60.0625,137.153026035854,55,177
"1806",-23.375,-59.9375,140.633164689348,42,180
"1807",-23.375,-59.8125,145.717647058824,39,180
"1808",-23.375,-59.6875,131.945205479452,35,180
"1809",-23.375,-59.5625,123.619598902436,24,180
"1810",-23.375,-59.4375,126.691442320267,31,180
"1811",-23.375,-59.3125,119.37913884816,17,180
"1812",-23.375,-59.1875,117.9113031265,12,180
"1813",-23.375,-59.0625,123.732387393249,15,180
"1814",-23.375,-58.9375,125.443214805932,16,180
"1815",-23.375,-58.8125,120.650665225893,13,180
"1816",-23.375,-58.6875,94.4393686445933,11,179.496541341146
"1817",-23.375,-58.5625,114.547692809786,10,180
"1818",-23.375,-58.4375,105.521459766661,9,180
"1819",-23.375,-58.3125,115.05522148598,7,180
"1820",-23.375,-58.1875,132.633119808099,9,180
"1821",-23.375,-58.0625,105.883477116727,7,180
"1822",-23.375,-57.9375,82.6204842270983,8,180
"1823",-23.375,-57.8125,101.472792707171,6,176
"1824",-23.375,-57.6875,114.111658971048,8,180
"1825",-23.375,-57.5625,94.4355160086495,9,174
"1826",-23.375,-57.4375,132.599786533454,69,180
"1827",-23.375,-57.3125,121.941754590284,69,180
"1828",-23.375,-57.1875,121.157303370787,62,177
"1829",-23.375,-57.0625,114.705882352941,65,180
"1830",-23.375,-56.9375,110.05,40,180
"1831",-23.375,-56.8125,118.923076923077,39,176
"1832",-23.375,-56.6875,108.651376146789,41,180
"1833",-23.375,-56.5625,113.25,43,176
"1834",-23.375,-56.4375,101.5,92,123
"1835",-23.375,-56.3125,107,21,177
"1836",-23.375,-56.1875,122.971428571429,19,179.666666666667
"1837",-23.375,-56.0625,112,95,126
"1838",-23.375,-55.9375,125.5,124,127
"1839",-23.375,-55.8125,129.833333333333,128,132
"1840",-23.375,-55.6875,86.0666666666667,63,134
"1841",-23.375,-55.5625,103.875,75,125
"1842",-23.375,-55.4375,172.5,172,173
"1843",-23.375,-55.3125,135.285714285714,114,155
"1844",-23.375,-53.6875,173,173,173
"1845",-23.375,-53.5625,174,174,174
"1846",-23.125,-61.5625,173.333333333333,169,177
"1847",-23.125,-61.4375,179,178,180
"1848",-23.125,-60.9375,113.6,60,180
"1849",-23.125,-60.8125,113.288461538462,58,178
"1850",-23.125,-60.6875,120.423529411765,43,180
"1851",-23.125,-60.5625,129.526428222656,53,180
"1852",-23.125,-60.4375,127.837837837838,45,180
"1853",-23.125,-60.3125,118.387096774194,61,180
"1854",-23.125,-60.1875,129.75,40,180
"1855",-23.125,-60.0625,141.589743589744,39,178
"1856",-23.125,-59.9375,138.698379855686,38,172
"1857",-23.125,-59.8125,135.382378896077,89,180
"1858",-23.125,-59.6875,138.30150519477,74,178
"1859",-23.125,-59.5625,131.346209632026,32,172
"1860",-23.125,-59.4375,114.880008581913,20,180
"1861",-23.125,-59.3125,115.900900299116,21,180
"1862",-23.125,-59.1875,119.367101722876,21,180
"1863",-23.125,-59.0625,109.579135610096,18,180
"1864",-23.125,-58.9375,113.052621664397,19,180
"1865",-23.125,-58.8125,122.679367895294,16,180
"1866",-23.125,-58.6875,123.020182697943,12,180
"1867",-23.125,-58.5625,108.589857338255,9,180
"1868",-23.125,-58.4375,108.578108914099,8,180
"1869",-23.125,-58.3125,108.300426052517,12,180
"1870",-23.125,-58.1875,100.370715418606,11,180
"1871",-23.125,-58.0625,107.708121982323,9,180
"1872",-23.125,-57.9375,116.750997869318,7,180
"1873",-23.125,-57.8125,111.776470498089,11,180
"1874",-23.125,-57.6875,104.303093154943,10,180
"1875",-23.125,-57.5625,115.406391257516,13,180
"1876",-23.125,-57.4375,110.402990432013,67,180
"1877",-23.125,-57.3125,128.56597243415,71,178
"1878",-23.125,-57.1875,120.633663366337,28,178
"1879",-23.125,-57.0625,97.8208955223881,26,175
"1880",-23.125,-56.9375,108.431034482759,28,179
"1881",-23.125,-56.8125,101.393258426966,33,180
"1882",-23.125,-56.6875,102.274193548387,47,170
"1883",-23.125,-56.5625,128.833333333333,75,177
"1884",-23.125,-56.4375,149.25,79,174
"1885",-23.125,-56.3125,122.823529411765,22,176
"1886",-23.125,-56.1875,117.4,97,160
"1887",-23.125,-56.0625,121.4,118,129
"1888",-23.125,-55.9375,139,122,151
"1889",-23.125,-55.8125,147.5,147,148
"1890",-23.125,-55.6875,103.6,59,146
"1891",-23.125,-55.5625,112.625,73,144
"1892",-23.125,-55.4375,144.1,134,171
"1893",-23.125,-55.3125,133,112,145
"1894",-23.125,-55.1875,152.5,152,153
"1895",-23.125,-53.5625,175,175,175
"1896",-23.125,-53.4375,176,176,176
"1897",-22.875,-61.0625,106.153846153846,94,114
"1898",-22.875,-60.9375,106.190476190476,61,173
"1899",-22.875,-60.8125,107.25,59,179
"1900",-22.875,-60.6875,121.330578512397,45,180
"1901",-22.875,-60.5625,122.702127659574,47,178
"1902",-22.875,-60.4375,140.727272727273,53,177
"1903",-22.875,-60.3125,125,63,180
"1904",-22.875,-60.1875,118.862068965517,60,178
"1905",-22.875,-60.0625,151.8,91,180
"1906",-22.875,-59.9375,114.47619047619,37,173
"1907",-22.875,-59.8125,114.136363636364,35,162
"1908",-22.875,-59.6875,125.5,33,180
"1909",-22.875,-59.5625,130.683964769768,29,180
"1910",-22.875,-59.4375,111.416572276697,20,180
"1911",-22.875,-59.3125,96,20,180
"1912",-22.875,-59.1875,111.579796028137,19,180
"1913",-22.875,-59.0625,111.563183398957,22,180
"1914",-22.875,-58.9375,115.346658938242,21,180
"1915",-22.875,-58.8125,119.6731497669,19,180
"1916",-22.875,-58.6875,123.725493336952,15,180
"1917",-22.875,-58.5625,127.716991977182,11,180
"1918",-22.875,-58.4375,124.448867333706,10,180
"1919",-22.875,-58.3125,113.194017754226,11,180
"1920",-22.875,-58.1875,102.19882978242,9,180
"1921",-22.875,-58.0625,120.840496419271,8,180
"1922",-22.875,-57.9375,126.76377161748,15,180
"1923",-22.875,-57.8125,118.185200877004,13,179
"1924",-22.875,-57.6875,102.721644083659,12,180
"1925",-22.875,-57.5625,118.204150586722,59,180
"1926",-22.875,-57.4375,109.175675675676,30,164
"1927",-22.875,-57.3125,122.169271180124,27,180
"1928",-22.875,-57.1875,103.362745098039,24,180
"1929",-22.875,-57.0625,110.224489795918,56,168
"1930",-22.875,-56.9375,107.466666666667,29,180
"1931",-22.875,-56.8125,112.385416666667,30,180
"1932",-22.875,-56.6875,115.566666666667,34,167
"1933",-22.875,-56.5625,129.55737704918,36,180
"1934",-22.875,-56.4375,126,62,180
"1935",-22.875,-56.3125,109.625,26,180
"1936",-22.875,-56.1875,87.7692307692308,29,163
"1937",-22.875,-56.0625,106.9,35,153
"1938",-22.875,-55.9375,94.5714285714286,46,133
"1939",-22.875,-55.8125,70.25,48,134
"1940",-22.875,-55.6875,89.6,51,138
"1941",-22.875,-55.5625,125.625,56,168
"1942",-22.875,-55.4375,130.857142857143,108,169
"1943",-22.875,-55.3125,133,111,150
"1944",-22.875,-55.1875,151,151,151
"1945",-22.875,-53.4375,177,177,177
"1946",-22.875,-53.3125,178,178,178
"1947",-22.625,-61.4375,86.5,83,90
"1948",-22.625,-61.3125,84.1428571428571,80,88
"1949",-22.625,-61.0625,102.272727272727,88,140
"1950",-22.625,-60.9375,109.537313432836,64,179
"1951",-22.625,-60.8125,110.681481481481,62,180
"1952",-22.625,-60.6875,125.389830508475,60,179
"1953",-22.625,-60.5625,137.441176470588,48,180
"1954",-22.625,-60.4375,144.393939393939,54,180
"1955",-22.625,-60.3125,112.684210526316,56,143
"1956",-22.625,-60.1875,129.92,58,180
"1957",-22.625,-60.0625,139.441176470588,64,180
"1958",-22.625,-59.9375,124.819672131148,47,180
"1959",-22.625,-59.8125,98.6153846153846,53,165
"1960",-22.625,-59.6875,141.611111111111,115,177
"1961",-22.625,-59.5625,126.96,31,180
"1962",-22.625,-59.4375,122.341463414634,21,180
"1963",-22.625,-59.3125,101.848,22,179
"1964",-22.625,-59.1875,114.95847960355,22,180
"1965",-22.625,-59.0625,118.079786875244,45,180
"1966",-22.625,-58.9375,116.157068866136,25,179.520833333333
"1967",-22.625,-58.8125,118.996014304004,39,180
"1968",-22.625,-58.6875,112.401465468519,20,180
"1969",-22.625,-58.5625,127.993388011814,41,180
"1970",-22.625,-58.4375,117.557374378991,14,179
"1971",-22.625,-58.3125,123.958620764558,13,180
"1972",-22.625,-58.1875,106.604077635328,19,180
"1973",-22.625,-58.0625,117.447449920238,21,180
"1974",-22.625,-57.9375,131.23520531401,24,180
"1975",-22.625,-57.8125,137.060606060606,19,180
"1976",-22.625,-57.6875,126.4375,16,175
"1977",-22.625,-57.5625,116.117021276596,17,174
"1978",-22.625,-57.4375,112.203703703704,20,180
"1979",-22.625,-57.3125,101.147096062349,21,180
"1980",-22.625,-57.1875,128.62183570057,53,171
"1981",-22.625,-57.0625,122.569521755642,63,172
"1982",-22.625,-56.9375,108.951562754313,51,180
"1983",-22.625,-56.8125,120.916752567998,55,172
"1984",-22.625,-56.6875,109.154514171459,32,178
"1985",-22.625,-56.5625,114.566910889772,37,180
"1986",-22.625,-56.4375,127.784423718743,57,179
"1987",-22.625,-56.3125,121.426062191234,65,174
"1988",-22.625,-56.1875,158.375,85,175
"1989",-22.625,-56.0625,90.8333333333333,37,177
"1990",-22.625,-55.9375,99.3333333333333,42,179
"1991",-22.625,-55.8125,110.333333333333,68,180
"1992",-22.625,-55.6875,123.4,79,141
"1993",-22.625,-55.5625,149.285714285714,141,167
"1994",-22.625,-55.4375,136.2,121,147
"1995",-22.625,-55.3125,124.5,123,126
"1996",-22.625,-53.1875,179,179,179
"1997",-22.375,-61.5625,91,91,91
"1998",-22.375,-61.4375,114.25,85,125
"1999",-22.375,-61.3125,104,84,122
"2000",-22.375,-61.1875,79,75,83
"2001",-22.375,-61.0625,97.4705882352941,70,179
"2002",-22.375,-60.9375,109.744186046512,66,180
"2003",-22.375,-60.8125,102.102941176471,68,178
"2004",-22.375,-60.6875,134.427536231884,62,180
"2005",-22.375,-60.5625,135.455696202532,63,180
"2006",-22.375,-60.4375,131.793103448276,50,180
"2007",-22.375,-60.3125,132.206896551724,55,180
"2008",-22.375,-60.1875,135.526315789474,59,178
"2009",-22.375,-60.0625,157.3125,60,180
"2010",-22.375,-59.9375,156.333333333333,61,177
"2011",-22.375,-59.8125,139.115384615385,62,178
"2012",-22.375,-59.6875,138.08,65,178
"2013",-22.375,-59.5625,115.875,42,180
"2014",-22.375,-59.4375,77.56,30,180
"2015",-22.375,-59.3125,96.5445544554455,27,180
"2016",-22.375,-59.1875,114.265308059471,23,180
"2017",-22.375,-59.0625,120.643095671825,24,180
"2018",-22.375,-58.9375,119.217418456448,25,180
"2019",-22.375,-58.8125,123.736457145935,22,180
"2020",-22.375,-58.6875,117.182107118286,21,180
"2021",-22.375,-58.5625,129.361908591725,46,180
"2022",-22.375,-58.4375,122.462962962963,41,180
"2023",-22.375,-58.3125,128.980769230769,59,180
"2024",-22.375,-58.1875,119.687210930718,21,180
"2025",-22.375,-58.0625,126.743243243243,22,180
"2026",-22.375,-57.9375,98,25,178
"2027",-22.375,-57.8125,92.4736842105263,65,180
"2028",-22.375,-57.6875,137.357142857143,70,176
"2029",-22.375,-57.5625,123.716417910448,19,177
"2030",-22.375,-57.4375,123.593220338983,49,179
"2031",-22.375,-57.3125,140.36170212766,66,180
"2032",-22.375,-57.1875,127.591836734694,44,178
"2033",-22.375,-57.0625,126.586666666667,46,180
"2034",-22.375,-56.9375,132.542857142857,63,180
"2035",-22.375,-56.8125,126.448275862069,71,174
"2036",-22.375,-56.6875,125.232558139535,60,180
"2037",-22.375,-56.5625,100.451612903226,35,175
"2038",-22.375,-56.4375,112.475409836066,58,168
"2039",-22.375,-56.3125,127.046652639014,63,176
"2040",-22.375,-56.1875,139.473590272846,65,180
"2041",-22.375,-56.0625,121.391203986274,66,178
"2042",-22.375,-55.9375,118.269842238653,76,161.694447835286
"2043",-22.375,-55.8125,116.820988407841,99,163.694447835286
"2044",-22.375,-55.6875,137.282407972548,109,165
"2045",-22.375,-55.5625,129,112,146
"2046",-22.375,-55.4375,118,116,120
"2047",-22.375,-55.3125,170,157,180
"2048",-22.375,-55.1875,170,170,170
"2049",-22.375,-53.1875,180,180,180
"2050",-22.125,-61.5625,101.666666666667,86,127
"2051",-22.125,-61.4375,103,93,126
"2052",-22.125,-61.3125,92.8,85,120
"2053",-22.125,-61.1875,111.1,83,120
"2054",-22.125,-61.0625,106.1,80,180
"2055",-22.125,-60.9375,117.837837837838,74,178
"2056",-22.125,-60.8125,105.444444444444,73,169
"2057",-22.125,-60.6875,127.114035087719,63,180
"2058",-22.125,-60.5625,139.584905660377,65,180
"2059",-22.125,-60.4375,141.547619047619,74,171
"2060",-22.125,-60.3125,116.793103448276,52,173
"2061",-22.125,-60.1875,144.692307692308,67,180
"2062",-22.125,-60.0625,153.636363636364,67,179
"2063",-22.125,-59.9375,152.56,108,180
"2064",-22.125,-59.8125,154.470588235294,110,174
"2065",-22.125,-59.6875,155.727272727273,68,177
"2066",-22.125,-59.5625,104.166666666667,41,177
"2067",-22.125,-59.4375,99.5913978494624,31,179
"2068",-22.125,-59.3125,84.2535211267606,29,180
"2069",-22.125,-59.1875,101.876404494382,28,180
"2070",-22.125,-59.0625,111.837073494868,30,180
"2071",-22.125,-58.9375,115.623096886373,39,180
"2072",-22.125,-58.8125,116.285716313188,23,180
"2073",-22.125,-58.6875,119.191669827416,43,180
"2074",-22.125,-58.5625,130.215484662428,49,180
"2075",-22.125,-58.4375,109,42,180
"2076",-22.125,-58.3125,111.207547169811,26,176
"2077",-22.125,-58.1875,116.95,23,167
"2078",-22.125,-58.0625,105.960784313725,41,169
"2079",-22.125,-57.9375,125.857142857143,35,175
"2080",-22.125,-57.8125,130.466666666667,36,180
"2081",-22.125,-57.6875,141.576271186441,37,180
"2082",-22.125,-57.5625,143.418604651163,39,172
"2083",-22.125,-57.4375,137.724137931034,40,173
"2084",-22.125,-57.3125,135.025,41,175
"2085",-22.125,-57.1875,144.1,43,176
"2086",-22.125,-57.0625,138.803571428571,73,177
"2087",-22.125,-56.9375,138.083333333333,66,178
"2088",-22.125,-56.8125,127.581395348837,67,180
"2089",-22.125,-56.6875,128.037037037037,41,169
"2090",-22.125,-56.5625,94.8196721311475,38,131
"2091",-22.125,-56.4375,115.857142857143,61,158
"2092",-22.125,-56.3125,126.172413793103,73,171
"2093",-22.125,-56.1875,140.556970290196,74,175
"2094",-22.125,-56.0625,131.13967304845,73,178
"2095",-22.125,-55.9375,130.16,88,180
"2096",-22.125,-55.8125,135.125,102,163
"2097",-22.125,-55.6875,120.555556524368,95,168.694447835286
"2098",-22.125,-55.5625,152.686119588216,99,175.694458007812
"2099",-22.125,-55.4375,163.347229003906,147,179.694458007812
"2100",-22.125,-55.3125,163.1,151,169
"2101",-22.125,-55.1875,154,153,155
"2102",-21.875,-61.6875,87.5,87,88
"2103",-21.875,-61.5625,110.5,93,128
"2104",-21.875,-61.4375,100,98,102
"2105",-21.875,-61.1875,124,121,127
"2106",-21.875,-61.0625,131.21875,111,164
"2107",-21.875,-60.9375,126.231884057971,75,179
"2108",-21.875,-60.8125,111.630434782609,71,137
"2109",-21.875,-60.6875,134.765217391304,65,178
"2110",-21.875,-60.5625,137.469387755102,86,180
"2111",-21.875,-60.4375,147,67,170
"2112",-21.875,-60.3125,146.820512820513,70,176
"2113",-21.875,-60.1875,114.258064516129,54,180
"2114",-21.875,-60.0625,138.391304347826,68,169
"2115",-21.875,-59.9375,133.666666666667,69,176
"2116",-21.875,-59.8125,123.542857142857,70,180
"2117",-21.875,-59.6875,114.235294117647,72,175
"2118",-21.875,-59.5625,126.14,40,176
"2119",-21.875,-59.4375,142.892857142857,38,180
"2120",-21.875,-59.3125,84.9782608695652,30,180
"2121",-21.875,-59.1875,81.2926829268293,33,179
"2122",-21.875,-59.0625,112.43381147541,33,180
"2123",-21.875,-58.9375,111.733509665622,40,178
"2124",-21.875,-58.8125,111.660348018291,26,179
"2125",-21.875,-58.6875,118.475431448683,28,180
"2126",-21.875,-58.5625,137.045421218872,58,180
"2127",-21.875,-58.4375,138.488095238095,43,180
"2128",-21.875,-58.3125,123.282324896918,29,176
"2129",-21.875,-58.1875,104.291666666667,35,168
"2130",-21.875,-58.0625,117.5,54,180
"2131",-21.875,-57.9375,132.190476190476,56,177
"2132",-21.875,-57.8125,131.43137254902,66,178
"2133",-21.875,-57.6875,133.870967741935,97,176
"2134",-21.875,-57.5625,129.454545454545,111,139
"2135",-21.875,-57.4375,141.083333333333,100,180
"2136",-21.875,-57.3125,147.333333333333,115,176
"2137",-21.875,-57.1875,147,117,171
"2138",-21.875,-57.0625,150.1,121,180
"2139",-21.875,-56.9375,138.75,75,178
"2140",-21.875,-56.8125,119.066666666667,81,180
"2141",-21.875,-56.6875,104.590909090909,42,167
"2142",-21.875,-56.5625,109.5,45,168
"2143",-21.875,-56.4375,100.318181818182,62,153
"2144",-21.875,-56.3125,143.75,94,162
"2145",-21.875,-56.1875,151.107142857143,107,180
"2146",-21.875,-56.0625,127.424745313164,77,179
"2147",-21.875,-55.9375,127.971428571429,82,180
"2148",-21.875,-55.8125,130.366666666667,89,180
"2149",-21.875,-55.6875,135.5,94,158
"2150",-21.875,-55.5625,109.692307692308,100,118
"2151",-21.875,-55.3125,152.5,152,153
"2152",-21.875,-55.1875,152.166666666667,150,155
"2153",-21.625,-61.8125,100,89,111
"2154",-21.625,-61.6875,103.2,94,110
"2155",-21.625,-61.5625,129.909090909091,103,180
"2156",-21.625,-61.4375,177.5,177,178
"2157",-21.625,-61.3125,147.75,130,166
"2158",-21.625,-61.1875,145.045454545455,116,173
"2159",-21.625,-61.0625,138.760869565217,113,179
"2160",-21.625,-60.9375,120.020408163265,82,180
"2161",-21.625,-60.8125,126.186440677966,73,179
"2162",-21.625,-60.6875,144.736263736264,67,180
"2163",-21.625,-60.5625,146.475409836066,101,180
"2164",-21.625,-60.4375,175.636363636364,171,180
"2165",-21.625,-60.3125,162.730769230769,71,180
"2166",-21.625,-60.1875,123.652173913043,61,180
"2167",-21.625,-60.0625,109.166666666667,56,165
"2168",-21.625,-59.9375,132.611111111111,77,170
"2169",-21.625,-59.8125,110.7,78,163
"2170",-21.625,-59.6875,104.764705882353,81,164
"2171",-21.625,-59.5625,107.625,74,159
"2172",-21.625,-59.4375,105.3,87,160
"2173",-21.625,-59.3125,96.7333333333333,46,162
"2174",-21.625,-59.1875,105.5,35,156
"2175",-21.625,-59.0625,117.759433962264,43,177
"2176",-21.625,-58.9375,110.776912811388,42,180
"2177",-21.625,-58.8125,114.075982781176,44,179
"2178",-21.625,-58.6875,121.294685990338,28,177
"2179",-21.625,-58.5625,140.401909819103,46,180
"2180",-21.625,-58.4375,139.445211602736,73,180
"2181",-21.625,-58.3125,124.285714285714,44,168
"2182",-21.625,-58.1875,132.637773059663,62,180
"2183",-21.625,-58.0625,131.9,63,179
"2184",-21.625,-57.9375,140.595238095238,64,180
"2185",-21.625,-57.8125,129.739130434783,95,180
"2186",-21.625,-57.6875,126.25,81,174
"2187",-21.625,-57.5625,136.192307692308,83,180
"2188",-21.625,-57.4375,129.384615384615,103,176
"2189",-21.625,-57.3125,146.071428571429,116,180
"2190",-21.625,-57.1875,153.828571428571,127,180
"2191",-21.625,-57.0625,160.78125,126,180
"2192",-21.625,-56.9375,144,77,176
"2193",-21.625,-56.8125,133.081967213115,78,179
"2194",-21.625,-56.6875,114.698412698413,47,153
"2195",-21.625,-56.5625,119.766666666667,64,169
"2196",-21.625,-56.4375,132.181818181818,65,170
"2197",-21.625,-56.3125,142.089157924857,89,180
"2198",-21.625,-56.1875,130.027543062544,98,180
"2199",-21.625,-56.0625,130.406566273082,96,179
"2200",-21.625,-55.9375,133.147058823529,104,180
"2201",-21.625,-55.8125,134.266666666667,100,170
"2202",-21.625,-55.6875,139.791666666667,101,171
"2203",-21.625,-55.5625,119.142857142857,105,132
"2204",-21.625,-55.4375,122.5,122,123
"2205",-21.625,-55.3125,148,147,149
"2206",-21.625,-55.1875,156.5,156,157
"2207",-21.625,-54.4375,180,180,180
"2208",-21.375,-61.8125,107.25,90,114
"2209",-21.375,-61.6875,96,96,96
"2210",-21.375,-61.5625,131.5,131,132
"2211",-21.375,-61.4375,159.2,135,176
"2212",-21.375,-61.3125,151.866666666667,132,173
"2213",-21.375,-61.1875,137.166666666667,118,157
"2214",-21.375,-61.0625,151.903225806452,114,180
"2215",-21.375,-60.9375,118.75,86,171
"2216",-21.375,-60.8125,130.573333333333,74,180
"2217",-21.375,-60.6875,142.083333333333,91,180
"2218",-21.375,-60.5625,132.56,70,180
"2219",-21.375,-60.4375,115.5,74,178
"2220",-21.375,-60.3125,97.5,66,180
"2221",-21.375,-60.1875,112.5,66,179
"2222",-21.375,-60.0625,117.888888888889,58,180
"2223",-21.375,-59.9375,141.555555555556,117,155
"2224",-21.375,-59.8125,124.25,119,137
"2225",-21.375,-59.6875,113.875,100,140
"2226",-21.375,-59.5625,108.8,76,146
"2227",-21.375,-59.4375,136.357142857143,108,155
"2228",-21.375,-59.3125,111.214285714286,94,122
"2229",-21.375,-59.1875,105,78,147
"2230",-21.375,-59.0625,122.810185185185,59,178
"2231",-21.375,-58.9375,111.890625,45,180
"2232",-21.375,-58.8125,118.311169187342,42,180
"2233",-21.375,-58.6875,127.611285266458,29,180
"2234",-21.375,-58.5625,136.068976355849,30,180
"2235",-21.375,-58.4375,122.814559226812,50,180
"2236",-21.375,-58.3125,138.384615384615,75,180
"2237",-21.375,-58.1875,111.5,46,163
"2238",-21.375,-58.0625,127.277579752604,47,176
"2239",-21.375,-57.9375,148.924528301887,49,180
"2240",-21.375,-57.8125,141,79,180
"2241",-21.375,-57.6875,145.714285714286,80,164
"2242",-21.375,-57.5625,143.230769230769,88,180
"2243",-21.375,-57.4375,155.545454545455,86,179
"2244",-21.375,-57.3125,167.130434782609,140,180
"2245",-21.375,-57.1875,156.342857142857,137,179
"2246",-21.375,-57.0625,159.842105263158,135,177
"2247",-21.375,-56.9375,144.95652173913,104,174
"2248",-21.375,-56.8125,138.561706542969,84,173
"2249",-21.375,-56.6875,122.852522465221,51,171.076395670573
"2250",-21.375,-56.5625,128.776652018229,96,168.076395670573
"2251",-21.375,-56.4375,132.481368894499,66,173
"2252",-21.375,-56.3125,130.773693608303,94,168
"2253",-21.375,-56.1875,130,97,163
"2254",-21.375,-56.0625,162,162,162
"2255",-21.375,-55.9375,143.9375,107,154
"2256",-21.375,-55.8125,134.666666666667,109,160
"2257",-21.375,-55.6875,135.793103448276,109,172
"2258",-21.375,-55.5625,132.555555555556,105,173
"2259",-21.375,-55.4375,131.555555555556,124,138
"2260",-21.375,-55.3125,142,139,146
"2261",-21.375,-55.1875,144.6,141,147
"2262",-21.375,-55.0625,151.1,142,159
"2263",-21.375,-54.3125,178.5,178,179
"2264",-21.125,-61.8125,103,91,115
"2265",-21.125,-61.6875,116,116,116
"2266",-21.125,-61.5625,130.909090909091,97,143
"2267",-21.125,-61.4375,137,137,137
"2268",-21.125,-61.3125,159.181818181818,143,180
"2269",-21.125,-61.1875,153.95652173913,122,175
"2270",-21.125,-61.0625,164.157894736842,148,180
"2271",-21.125,-60.9375,145.586206896552,89,172
"2272",-21.125,-60.8125,130.939393939394,75,171
"2273",-21.125,-60.6875,137.403846153846,84,180
"2274",-21.125,-60.5625,122.806451612903,79,159
"2275",-21.125,-60.4375,144.884615384615,78,180
"2276",-21.125,-60.3125,72,70,74
"2277",-21.125,-60.1875,84.1818181818182,68,95
"2278",-21.125,-60.0625,104.9,61,152
"2279",-21.125,-59.9375,149.923076923077,146,153
"2280",-21.125,-59.8125,122.222222222222,116,129
"2281",-21.125,-59.6875,104.8,84,127
"2282",-21.125,-59.5625,127.428571428571,79,172
"2283",-21.125,-59.4375,161,156,166
"2284",-21.125,-59.1875,150.392156862745,102,180
"2285",-21.125,-59.0625,134.892857142857,59,180
"2286",-21.125,-58.9375,121.35853086699,55,178
"2287",-21.125,-58.8125,125.271938950268,37,180
"2288",-21.125,-58.6875,138.197393478324,32,180
"2289",-21.125,-58.5625,136.63137254902,31,180
"2290",-21.125,-58.4375,129.916314045588,46,180
"2291",-21.125,-58.3125,124.162905205621,52,177
"2292",-21.125,-58.1875,131.585365853659,89,178
"2293",-21.125,-58.0625,132.142875765577,98,173.857645670573
"2294",-21.125,-57.9375,123.47619047619,50,173
"2295",-21.125,-57.8125,128.666666666667,51,179
"2296",-21.125,-57.6875,153.409090909091,90,180
"2297",-21.125,-57.5625,165.166666666667,89,176
"2298",-21.125,-57.4375,161.5,149,174
"2299",-21.125,-57.3125,160.5,148,173
"2300",-21.125,-57.1875,146.857142857143,138,179
"2301",-21.125,-57.0625,157.903819783529,136,179.076395670573
"2302",-21.125,-56.9375,141.363426679446,91,178.076395670573
"2303",-21.125,-56.8125,122.134028455946,57,175.076395670573
"2304",-21.125,-56.6875,123.625,56,180
"2305",-21.125,-56.5625,138,98,178
"2306",-21.125,-56.4375,128.357142857143,68,176
"2307",-21.125,-56.3125,143.52,131,155
"2308",-21.125,-56.1875,157,149,165
"2309",-21.125,-55.9375,151.875,142,158
"2310",-21.125,-55.8125,139,114,164
"2311",-21.125,-55.6875,143.357142857143,113,170
"2312",-21.125,-55.5625,139.315789473684,108,176
"2313",-21.125,-55.4375,139.444444444444,137,143
"2314",-21.125,-55.3125,141.5,139,144
"2315",-21.125,-55.0625,154,153,155
"2316",-21.125,-54.9375,155.666666666667,144,160
"2317",-21.125,-54.8125,145,145,145
"2318",-21.125,-54.3125,176.5,176,177
"2319",-20.875,-61.6875,104.5,92,117
"2320",-20.875,-61.5625,122,99,145
"2321",-20.875,-61.4375,149,101,180
"2322",-20.875,-61.3125,172.6,162,178
"2323",-20.875,-61.1875,158.333333333333,126,177
"2324",-20.875,-61.0625,155.6875,127,180
"2325",-20.875,-60.9375,145.583333333333,77,175
"2326",-20.875,-60.8125,145.063829787234,76,177
"2327",-20.875,-60.6875,135.25,91,168
"2328",-20.875,-60.5625,122,108,127
"2329",-20.875,-60.4375,136.786885245902,75,179
"2330",-20.875,-60.3125,116.166666666667,71,171
"2331",-20.875,-60.1875,105.941176470588,65,164
"2332",-20.875,-60.0625,127.642857142857,63,157
"2333",-20.875,-59.9375,145.125,120,155
"2334",-20.875,-59.8125,128.117647058824,88,179
"2335",-20.875,-59.6875,130,85,176
"2336",-20.875,-59.5625,96.0666666666667,72,147
"2337",-20.875,-59.4375,128.619047619048,77,143
"2338",-20.875,-59.3125,128.2,127,130
"2339",-20.875,-59.1875,154.923076923077,131,174
"2340",-20.875,-59.0625,135.642857142857,59,180
"2341",-20.875,-58.9375,124.515625,57,180
"2342",-20.875,-58.8125,128.714496612549,35,180
"2343",-20.875,-58.6875,136.723409364706,33,180
"2344",-20.875,-58.5625,130.354961832061,49,180
"2345",-20.875,-58.4375,129.302469135802,48,178
"2346",-20.875,-58.3125,132.834698852082,78,180
"2347",-20.875,-58.1875,131.079379046405,54,180
"2348",-20.875,-58.0625,121.387096774194,57,175
"2349",-20.875,-57.9375,115.615384615385,55,175
"2350",-20.875,-57.8125,150.916666666667,117,171
"2351",-20.875,-57.6875,163,141,179
"2352",-20.875,-57.5625,174.5,166,180
"2353",-20.875,-57.4375,165.545454545455,161,172
"2354",-20.875,-57.3125,166.6,163,169
"2355",-20.875,-57.1875,157,141,180
"2356",-20.875,-57.0625,151.820175438596,100,170.791666666667
"2357",-20.875,-56.9375,131.849702380952,94,168.791666666667
"2358",-20.875,-56.8125,119,61,180
"2359",-20.875,-56.6875,138.090909090909,62,176
"2360",-20.875,-56.5625,128.321428571429,99,180
"2361",-20.875,-56.4375,144.75,70,179
"2362",-20.875,-56.3125,155.214285714286,149,167
"2363",-20.875,-56.1875,140.55,126,152
"2364",-20.875,-56.0625,146.153846153846,135,160
"2365",-20.875,-55.9375,151.074074074074,119,167
"2366",-20.875,-55.8125,156.307692307692,118,175
"2367",-20.875,-55.6875,140.111111111111,115,172
"2368",-20.875,-55.5625,134.117647058824,112,175
"2369",-20.875,-55.4375,177.5,177,178
"2370",-20.875,-54.9375,160.5,160,161
"2371",-20.875,-54.8125,163.75,161,167
"2372",-20.875,-54.6875,160.714285714286,146,170
"2373",-20.875,-54.5625,173.333333333333,164,178
"2374",-20.875,-54.4375,179.5,179,180
"2375",-20.875,-54.3125,174.5,174,175
"2376",-20.625,-61.5625,119.5,93,146
"2377",-20.625,-61.4375,108.666666666667,94,137
"2378",-20.625,-61.3125,163.133333333333,102,180
"2379",-20.625,-61.1875,159,148,170
"2380",-20.625,-61.0625,152.941176470588,132,165
"2381",-20.625,-60.9375,126.888888888889,78,177
"2382",-20.625,-60.8125,160.368421052632,119,180
"2383",-20.625,-60.6875,112.441176470588,81,141
"2384",-20.625,-60.5625,122.5,77,180
"2385",-20.625,-60.4375,139,72,180
"2386",-20.625,-60.3125,134.512195121951,68,172
"2387",-20.625,-60.1875,130.5,66,163
"2388",-20.625,-60.0625,158.2,157,159
"2389",-20.625,-59.9375,124,91,153
"2390",-20.625,-59.8125,115.454545454545,90,180
"2391",-20.625,-59.6875,123,122,124
"2392",-20.625,-59.5625,83.8,66,121
"2393",-20.625,-59.4375,122,98,144
"2394",-20.625,-59.3125,115.5,99,126
"2395",-20.625,-59.1875,147.267857142857,101,180
"2396",-20.625,-59.0625,147.851851851852,114,180
"2397",-20.625,-58.9375,127.949152542373,64,180
"2398",-20.625,-58.8125,128.824646446538,36,180
"2399",-20.625,-58.6875,140.080433492695,35,180
"2400",-20.625,-58.5625,141.230366492147,70,180
"2401",-20.625,-58.4375,140.412698412698,72,180
"2402",-20.625,-58.3125,139.854459708953,86,180
"2403",-20.625,-58.1875,129.609375,85,173
"2404",-20.625,-58.0625,126.761904761905,58,180
"2405",-20.625,-57.9375,132.166666666667,85,177
"2406",-20.625,-57.8125,155.8,83,180
"2407",-20.625,-57.6875,161.958333333333,139,177
"2408",-20.625,-57.5625,162,161,163
"2409",-20.625,-57.4375,164.333333333333,148,180
"2410",-20.625,-57.3125,161.4375,141,179
"2411",-20.625,-57.1875,154.727272727273,134,173
"2412",-20.625,-57.0625,141.664215686275,101,174
"2413",-20.625,-56.9375,158.923076923077,127,169
"2414",-20.625,-56.8125,118,66,166
"2415",-20.625,-56.6875,151.428571428571,106,177
"2416",-20.625,-56.5625,126.542857142857,72,161
"2417",-20.625,-56.4375,147.32,108,178
"2418",-20.625,-56.3125,146.2,123,168
"2419",-20.625,-56.1875,147.8125,132,173
"2420",-20.625,-56.0625,153.2,124,180
"2421",-20.625,-55.9375,152.285714285714,121,179
"2422",-20.625,-55.8125,158.882352941176,119,180
"2423",-20.625,-55.6875,136.857142857143,122,177
"2424",-20.625,-55.5625,143.9,116,180
"2425",-20.625,-54.5625,148,148,148
"2426",-20.625,-54.4375,160,149,166
"2427",-20.625,-54.3125,170,167,173
"2428",-20.375,-61.5625,132.5,118,147
"2429",-20.375,-61.3125,151.5,96,171
"2430",-20.375,-61.1875,146,97,169
"2431",-20.375,-61.0625,159.8,137,167
"2432",-20.375,-60.9375,153.371428571429,79,178
"2433",-20.375,-60.8125,148.209677419355,118,180
"2434",-20.375,-60.6875,108.171428571429,82,171
"2435",-20.375,-60.5625,136.545454545455,92,180
"2436",-20.375,-60.4375,146.545454545455,93,177
"2437",-20.375,-60.3125,158.5,156,161
"2438",-20.375,-60.1875,148.9375,98,166
"2439",-20.375,-60.0625,148.95652173913,84,171
"2440",-20.375,-59.9375,133.068965517241,85,177
"2441",-20.375,-59.8125,123.071428571429,89,180
"2442",-20.375,-59.6875,135.333333333333,111,148
"2443",-20.375,-59.5625,103.2,64,146
"2444",-20.375,-59.4375,112.615384615385,97,142
"2445",-20.375,-59.3125,118.083333333333,104,141
"2446",-20.375,-59.1875,148.818965517241,102,180
"2447",-20.375,-59.0625,139.347107438017,96,180
"2448",-20.375,-58.9375,127.319633900036,37,180
"2449",-20.375,-58.8125,133.386597290039,38,180
"2450",-20.375,-58.6875,139.343376120543,68,180
"2451",-20.375,-58.5625,145.834656149244,85,180
"2452",-20.375,-58.4375,146.407894736842,86,180
"2453",-20.375,-58.3125,143.650694638207,75,174
"2454",-20.375,-58.1875,133.307324487458,59,174
"2455",-20.375,-58.0625,144.589743589744,62,180
"2456",-20.375,-57.9375,164.8125,143,180
"2457",-20.375,-57.8125,147.428571428571,128,173
"2458",-20.375,-57.6875,145.034482758621,82,180
"2459",-20.375,-57.5625,130.166666666667,80,173
"2460",-20.375,-57.4375,136.307692307692,78,173
"2461",-20.375,-57.3125,159,130,180
"2462",-20.375,-57.1875,154.818181818182,76,180
"2463",-20.375,-57.0625,146.018229166667,75,176
"2464",-20.375,-56.9375,147.272727272727,107,173
"2465",-20.375,-56.8125,123.085714285714,71,179
"2466",-20.375,-56.6875,143.6,73,180
"2467",-20.375,-56.5625,131.052631578947,111,180
"2468",-20.375,-56.4375,148.235294117647,123,180
"2469",-20.375,-56.3125,152.947368421053,134,176
"2470",-20.375,-56.1875,149,122,174
"2471",-20.375,-56.0625,139.428571428571,121,172
"2472",-20.375,-55.9375,161.055555555556,120,180
"2473",-20.375,-55.8125,155.333333333333,127,178
"2474",-20.375,-55.6875,127.5,119,136
"2475",-20.375,-55.5625,126.5,118,135
"2476",-20.375,-54.4375,150,150,150
"2477",-20.125,-61.5625,133.5,119,148
"2478",-20.125,-61.3125,172.5,172,173
"2479",-20.125,-61.1875,118,98,152
"2480",-20.125,-61.0625,141,141,141
"2481",-20.125,-60.9375,162.333333333333,106,180
"2482",-20.125,-60.8125,145.740740740741,81,176
"2483",-20.125,-60.6875,139.650793650794,82,180
"2484",-20.125,-60.5625,123.090909090909,87,180
"2485",-20.125,-60.4375,151,150,152
"2486",-20.125,-60.3125,147.5,146,149
"2487",-20.125,-60.1875,152.533333333333,138,171
"2488",-20.125,-60.0625,154,154,154
"2489",-20.125,-59.9375,122.846153846154,95,158
"2490",-20.125,-59.8125,120.818181818182,92,160
"2491",-20.125,-59.6875,101.444444444444,93,113
"2492",-20.125,-59.5625,99.6923076923077,61,118
"2493",-20.125,-59.4375,115.769230769231,98,180
"2494",-20.125,-59.3125,138.583333333333,115,179
"2495",-20.125,-59.1875,146.775862068966,110,180
"2496",-20.125,-59.0625,145.785714285714,108,174
"2497",-20.125,-58.9375,132.58200438285,38,180
"2498",-20.125,-58.8125,136.360086218899,76,180
"2499",-20.125,-58.6875,139.874015748031,84,180
"2500",-20.125,-58.5625,141.863157894737,66,180
"2501",-20.125,-58.4375,147.857142857143,65,179
"2502",-20.125,-58.3125,139.165002274187,64,177.857645670573
"2503",-20.125,-58.1875,142.451527913411,97,177
"2504",-20.125,-58.0625,157.182677657516,128.288197835286,176
"2505",-20.125,-57.9375,156.761904761905,132,175
"2506",-20.125,-57.8125,159.733333333333,135,176
"2507",-20.125,-57.6875,148.870967741935,123,179
"2508",-20.125,-57.5625,144.2,119,180
"2509",-20.125,-57.4375,142.888888888889,115,177
"2510",-20.125,-57.3125,124.125,77,149
"2511",-20.125,-57.1875,137.333333333333,112,150
"2512",-20.125,-57.0625,144.389583333333,111,178
"2513",-20.125,-56.9375,128.208333333333,78,177
"2514",-20.125,-56.8125,105.875,76,118
"2515",-20.125,-56.6875,165.5,165,166
"2516",-20.125,-56.5625,179.5,179,180
"2517",-20.125,-56.4375,173,167,178
"2518",-20.125,-56.3125,176.8,170,180
"2519",-20.125,-55.8125,160,153,169
"2520",-20.125,-54.3125,151.5,151,152
"2521",-19.875,-61.5625,120,120,120
"2522",-19.875,-61.4375,149.5,149,150
"2523",-19.875,-61.3125,169,151,176
"2524",-19.875,-61.1875,132.6,99,154
"2525",-19.875,-61.0625,160.083333333333,153,171
"2526",-19.875,-60.9375,164.823529411765,108,174
"2527",-19.875,-60.8125,157.677966101695,136,180
"2528",-19.875,-60.6875,154.620689655172,84,180
"2529",-19.875,-60.5625,142.127659574468,86,177
"2530",-19.875,-60.4375,145,145,145
"2531",-19.875,-60.1875,170.928571428571,157,180
"2532",-19.875,-59.8125,116.818181818182,98,161
"2533",-19.875,-59.6875,138.666666666667,100,164
"2534",-19.875,-59.5625,114.75,58,167
"2535",-19.875,-59.4375,133.428571428571,97,180
"2536",-19.875,-59.3125,131.136363636364,108,179
"2537",-19.875,-59.1875,142.454545454545,112,175
"2538",-19.875,-59.0625,135.846153846154,40,178
"2539",-19.875,-58.9375,132.367992609197,41,180
"2540",-19.875,-58.8125,135.997639160156,64,180
"2541",-19.875,-58.6875,143.182346705387,91,180
"2542",-19.875,-58.5625,147.958417164753,87,180
"2543",-19.875,-58.4375,144.366623005539,78,177
"2544",-19.875,-58.3125,145.956944691051,61,179
"2545",-19.875,-58.1875,152.254085166782,89,180
"2546",-19.875,-58.0625,155.063055826823,101,179
"2547",-19.875,-57.9375,161.266666666667,130,172
"2548",-19.875,-57.8125,160.142857142857,132,175
"2549",-19.875,-57.6875,149.5,122,162
"2550",-19.875,-57.5625,140.176470588235,118,173
"2551",-19.875,-57.3125,114.5,114,115
"2552",-19.875,-57.1875,124.181818181818,85,152
"2553",-19.875,-57.0625,132.208333333333,82,179
"2554",-19.875,-56.9375,140.5,81,180
"2555",-19.875,-56.5625,171.8,169,175
"2556",-19.875,-56.4375,173,173,173
"2557",-19.875,-55.9375,166.6,158,173
"2558",-19.875,-55.8125,163.25,156,170
"2559",-19.875,-54.1875,153,153,153
"2560",-19.625,-61.4375,141,121,180
"2561",-19.625,-61.3125,141.142857142857,100,179
"2562",-19.625,-61.1875,140.6,106,160
"2563",-19.625,-61.0625,160.6,142,172
"2564",-19.625,-60.9375,166.162790697674,109,180
"2565",-19.625,-60.8125,168,151,180
"2566",-19.625,-60.6875,160.8125,150,174
"2567",-19.625,-60.5625,162.709677419355,120,180
"2568",-19.625,-60.3125,164,160,168
"2569",-19.625,-59.8125,111,111,111
"2570",-19.625,-59.6875,114.714285714286,112,117
"2571",-19.625,-59.5625,92.9444444444444,54,135
"2572",-19.625,-59.4375,117.9375,94,178
"2573",-19.625,-59.3125,148.285714285714,124,176
"2574",-19.625,-59.1875,156.307692307692,120,174
"2575",-19.625,-59.0625,135.282051282051,41,180
"2576",-19.625,-58.9375,123.968346884084,61,180
"2577",-19.625,-58.8125,139.583333333333,65,180
"2578",-19.625,-58.6875,141.553842519785,82,179
"2579",-19.625,-58.5625,135.820512820513,79,180
"2580",-19.625,-58.4375,136.931818181818,62,180
"2581",-19.625,-58.3125,147.866666666667,90,177
"2582",-19.625,-58.1875,156.633128310695,91,180
"2583",-19.625,-58.0625,153.780124148807,102,180
"2584",-19.625,-57.9375,163.66401163737,133.288197835286,179
"2585",-19.625,-57.8125,163.307692307692,136,180
"2586",-19.625,-57.6875,160.375,131,175
"2587",-19.625,-57.5625,143.666666666667,129,172
"2588",-19.625,-57.4375,116.5,116,117
"2589",-19.625,-57.3125,127.666666666667,90,157
"2590",-19.625,-57.1875,119.230769230769,88,153
"2591",-19.625,-57.0625,135.779166666667,87,180
"2592",-19.625,-56.9375,157.333333333333,116,177
"2593",-19.625,-56.6875,174.2,172,178
"2594",-19.625,-56.5625,176.5,176,177
"2595",-19.625,-56.0625,169.333333333333,164,178
"2596",-19.625,-55.9375,167.285714285714,160,176
"2597",-19.375,-61.4375,109,108,110
"2598",-19.375,-61.3125,101,101,101
"2599",-19.375,-61.1875,140.5,131,150
"2600",-19.375,-61.0625,138.2,111,146
"2601",-19.375,-60.9375,171,110,180
"2602",-19.375,-60.8125,174.5,171,178
"2603",-19.375,-60.6875,172.6,164,180
"2604",-19.375,-60.5625,166.6,123,178
"2605",-19.375,-60.4375,174,169,179
"2606",-19.375,-59.6875,121.5,118,125
"2607",-19.375,-59.5625,84.8571428571429,52,105
"2608",-19.375,-59.4375,112,50,180
"2609",-19.375,-59.3125,133,73,161
"2610",-19.375,-59.1875,124.757575757576,42,180
"2611",-19.375,-59.0625,123.957446808511,62,174
"2612",-19.375,-58.9375,127.627211137251,84,174
"2613",-19.375,-58.8125,132.932432432432,67,180
"2614",-19.375,-58.6875,144.810487920588,64,180
"2615",-19.375,-58.5625,141.424242424242,63,180
"2616",-19.375,-58.4375,157.951219512195,90,180
"2617",-19.375,-58.3125,147.909090909091,91,180
"2618",-19.375,-58.1875,153.235294117647,92,177
"2619",-19.375,-58.0625,156.015257247771,104,180
"2620",-19.375,-57.9375,149.529411764706,116,171
"2621",-19.375,-57.8125,137.071428571429,109,180
"2622",-19.375,-57.6875,142.222222222222,104,172
"2623",-19.375,-57.5625,135.083333333333,98,171
"2624",-19.375,-57.4375,129.266666666667,94,180
"2625",-19.375,-57.3125,125,91,179
"2626",-19.375,-57.1875,134,119,177
"2627",-19.375,-57.0625,153.369047619048,118,179.791666666667
"2628",-19.375,-56.9375,174,167,180
"2629",-19.375,-56.8125,175.5,175,176
"2630",-19.375,-56.6875,179.666666666667,179,180
"2631",-19.375,-56.1875,178.5,177,180
"2632",-19.375,-56.0625,175,171,180
"2633",-19.375,-54.0625,154,154,154
"2634",-19.125,-61.5625,111.666666666667,111,112
"2635",-19.125,-61.3125,102,102,102
"2636",-19.125,-61.1875,135.666666666667,135,136
"2637",-19.125,-61.0625,112.5,112,113
"2638",-19.125,-60.9375,178,176,180
"2639",-19.125,-60.8125,178.833333333333,177,180
"2640",-19.125,-60.6875,178,176,180
"2641",-19.125,-60.5625,124.5,124,125
"2642",-19.125,-60.4375,180,180,180
"2643",-19.125,-59.6875,129,126,132
"2644",-19.125,-59.5625,78.4,69,110
"2645",-19.125,-59.4375,108.62962962963,49,163
"2646",-19.125,-59.3125,117.969696969697,47,180
"2647",-19.125,-59.1875,123.289473684211,43,179
"2648",-19.125,-59.0625,135.714285714286,63,180
"2649",-19.125,-58.9375,122.432972783628,70,179.159729003906
"2650",-19.125,-58.8125,135.483333333333,70,180
"2651",-19.125,-58.6875,146.407206512304,106,180
"2652",-19.125,-58.5625,153.808219178082,110,180
"2653",-19.125,-58.4375,150.809523809524,91,180
"2654",-19.125,-58.3125,149.594594594595,92,180
"2655",-19.125,-58.1875,154.591338828758,97,180
"2656",-19.125,-58.0625,156.529192512418,117,177
"2657",-19.125,-57.9375,136.136574639214,110,175
"2658",-19.125,-57.8125,145.769230769231,105,176
"2659",-19.125,-57.6875,153.777777777778,101,180
"2660",-19.125,-57.5625,125,97,170
"2661",-19.125,-57.4375,114.333333333333,96,124
"2662",-19.125,-57.3125,127.875,121,134
"2663",-19.125,-57.1875,143,131,155
"2664",-19.125,-57.0625,156.142857142857,135,180
"2665",-19.125,-56.9375,172.75,170,178
"2666",-19.125,-53.9375,155,155,155
"2667",-18.875,-61.5625,114.5,113,116
"2668",-18.875,-61.3125,126,103,138
"2669",-18.875,-61.1875,110.5,104,117
"2670",-18.875,-61.0625,115,114,116
"2671",-18.875,-60.5625,127,126,128
"2672",-18.875,-59.6875,147.706374991653,73,179.77431233724
"2673",-18.875,-59.5625,151.177472149884,111,177.77431233724
"2674",-18.875,-59.4375,131.7,66,174
"2675",-18.875,-59.3125,126.545454545455,60,173
"2676",-18.875,-59.1875,120.32,44,178
"2677",-18.875,-59.0625,127.405405405405,76,177
"2678",-18.875,-58.9375,113.287479774625,60,175
"2679",-18.875,-58.8125,124.730275255568,74,180
"2680",-18.875,-58.6875,133.619047619048,100,179
"2681",-18.875,-58.5625,152.234042553192,96,180
"2682",-18.875,-58.4375,159.098360655738,92,180
"2683",-18.875,-58.3125,149.63829787234,99,180
"2684",-18.875,-58.1875,159.046364578546,98,179
"2685",-18.875,-58.0625,147.857142857143,118,178
"2686",-18.875,-57.9375,167.363889567057,146,176
"2687",-18.875,-57.8125,162.625,145,167
"2688",-18.875,-57.6875,167,160,180
"2689",-18.875,-57.5625,149.5,140,159
"2690",-18.875,-57.4375,151.5,138,157
"2691",-18.875,-57.3125,140.666666666667,129,154
"2692",-18.875,-57.1875,147.25,130,157
"2693",-18.875,-57.0625,149.666666666667,136,157
"2694",-18.875,-56.9375,170.2,153,176
"2695",-18.625,-61.6875,118.5,118,119
"2696",-18.625,-61.5625,119.333333333333,117,121
"2697",-18.625,-61.3125,139,139,139
"2698",-18.625,-61.1875,105,105,105
"2699",-18.625,-61.0625,118.5,118,119
"2700",-18.625,-60.5625,129.5,129,130
"2701",-18.625,-60.4375,131,131,131
"2702",-18.625,-59.8125,171,169,173
"2703",-18.625,-59.6875,118.666666666667,75,168
"2704",-18.625,-59.5625,137.634425571987,98,175
"2705",-18.625,-59.4375,128.412450881231,78,175
"2706",-18.625,-59.3125,121.611111111111,61,163
"2707",-18.625,-59.1875,112.064516129032,45,152
"2708",-18.625,-59.0625,136.698648017749,55,180
"2709",-18.625,-58.9375,125.412450881231,54,176
"2710",-18.625,-58.8125,117.333333333333,66,160
"2711",-18.625,-58.6875,134.53125,98,177
"2712",-18.625,-58.5625,144.230769230769,96,180
"2713",-18.625,-58.4375,149.466666666667,100,180
"2714",-18.625,-58.3125,155.790256182353,93,180
"2715",-18.625,-58.1875,146.076923076923,120,177
"2716",-18.625,-58.0625,167.079861958822,147,180
"2717",-18.625,-57.9375,175,170,177
"2718",-18.625,-57.8125,171.428571428571,167,175
"2719",-18.625,-57.5625,160.5,160,161
"2720",-18.625,-57.4375,141.142857142857,139,144
"2721",-18.625,-57.3125,138,138,138
"2722",-18.625,-57.1875,142.166666666667,132,159
"2723",-18.625,-57.0625,158,158,158
"2724",-18.625,-56.9375,173.6,154,180
"2725",-18.625,-53.8125,156,156,156
"2726",-18.375,-61.5625,123,122,124
"2727",-18.375,-61.4375,125,125,125
"2728",-18.375,-61.3125,133.5,127,140
"2729",-18.375,-61.1875,128,128,128
"2730",-18.375,-61.0625,106,106,106
"2731",-18.375,-60.9375,120,120,120
"2732",-18.375,-60.8125,121,121,121
"2733",-18.375,-60.4375,134,132,136
"2734",-18.375,-59.8125,152.285714285714,115,176
"2735",-18.375,-59.6875,144.590909090909,77,180
"2736",-18.375,-59.5625,129.117647058824,91,176
"2737",-18.375,-59.4375,133.895412868924,79,180
"2738",-18.375,-59.3125,121.810764567057,62,172
"2739",-18.375,-59.1875,131.798394521077,82,165
"2740",-18.375,-59.0625,139.952380952381,47,180
"2741",-18.375,-58.9375,150.444444444444,129,180
"2742",-18.375,-58.8125,145,102,179
"2743",-18.375,-58.6875,147.888888888889,100,180
"2744",-18.375,-58.5625,142.972222222222,101,179
"2745",-18.375,-58.4375,153.752546522352,117,174
"2746",-18.375,-58.3125,151.934161455203,94,180
"2747",-18.375,-58.1875,154.51724137931,122,173
"2748",-18.375,-58.0625,170.327779134115,159,178
"2749",-18.375,-57.9375,179,178,180
"2750",-18.375,-57.8125,175,169,178
"2751",-18.375,-57.6875,179.5,179,180
"2752",-18.375,-57.4375,149.142857142857,145,159
"2753",-18.375,-57.3125,160.25,158,162
"2754",-18.375,-57.1875,141.25,135,157
"2755",-18.375,-57.0625,158.2,155,161
"2756",-18.375,-53.8125,157,157,157
"2757",-18.125,-61.3125,136.333333333333,126,142
"2758",-18.125,-61.0625,115.166666666667,107,130
"2759",-18.125,-60.9375,131,131,131
"2760",-18.125,-60.8125,122,122,122
"2761",-18.125,-60.6875,123,123,123
"2762",-18.125,-60.5625,125,125,125
"2763",-18.125,-60.4375,129,126,137
"2764",-18.125,-60.3125,137.375,129,142
"2765",-18.125,-59.8125,138.636363636364,102,176
"2766",-18.125,-59.6875,119.866666666667,78,175
"2767",-18.125,-59.5625,110.95,86,177
"2768",-18.125,-59.4375,131.047619047619,84,178
"2769",-18.125,-59.3125,145.529411764706,80,180
"2770",-18.125,-59.1875,134.24,64,180
"2771",-18.125,-59.0625,159.096774193548,105,177
"2772",-18.125,-58.9375,161.9,157,179
"2773",-18.125,-58.8125,147.941176470588,106,178
"2774",-18.125,-58.6875,146.6,102,177
"2775",-18.125,-58.5625,141.576273261176,109,180
"2776",-18.125,-58.4375,144.960455435294,118,178
"2777",-18.125,-58.3125,155.545635405041,128,180
"2778",-18.125,-58.1875,161.175926378038,95,180
"2779",-18.125,-57.8125,170.333333333333,170,171
"2780",-18.125,-57.4375,153,151,155
"2781",-18.125,-57.3125,161.833333333333,156,166
"2782",-18.125,-57.1875,139.5,138,141
"2783",-18.125,-57.0625,162.5,162,163
"2784",-18.125,-56.4375,174.5,174,175
"2785",-18.125,-56.3125,176.5,176,177
"2786",-18.125,-56.1875,178.5,178,179
"2787",-18.125,-56.0625,180,180,180
"2788",-18.125,-53.8125,158,158,158
"2789",-17.875,-61.1875,143.5,143,144
"2790",-17.875,-61.0625,145.5,145,146
"2791",-17.875,-60.9375,124.166666666667,110,147
"2792",-17.875,-60.8125,121.2,113,148
"2793",-17.875,-60.6875,118,117,119
"2794",-17.875,-60.5625,121.666666666667,120,124
"2795",-17.875,-60.3125,139.333333333333,131,144
"2796",-17.875,-60.1875,146.5,145,148
"2797",-17.875,-59.9375,142,142,142
"2798",-17.875,-59.8125,141.866666666667,104,177
"2799",-17.875,-59.6875,116.3125,79,138
"2800",-17.875,-59.5625,114.411764705882,88,159
"2801",-17.875,-59.4375,136.272727272727,97,180
"2802",-17.875,-59.3125,147.272727272727,81,180
"2803",-17.875,-59.1875,133.526315789474,65,171
"2804",-17.875,-59.0625,160.739130434783,131,173
"2805",-17.875,-58.9375,157.9375,103,180
"2806",-17.875,-58.8125,135,102,166
"2807",-17.875,-58.6875,148.666666666667,116,179
"2808",-17.875,-58.5625,152.149637373667,111,179.638895670573
"2809",-17.875,-58.4375,136.507310298451,112,177.638895670573
"2810",-17.875,-58.3125,144.058081424598,98,176.638895670573
"2811",-17.875,-58.1875,97,97,97
"2812",-17.875,-57.8125,173.5,172,175
"2813",-17.875,-57.3125,164.5,144,172
"2814",-17.875,-57.1875,161.166666666667,142,175
"2815",-17.875,-56.9375,164.5,164,165
"2816",-17.875,-56.8125,167,166,168
"2817",-17.875,-56.6875,169.75,169,171
"2818",-17.875,-56.5625,172.5,172,173
"2819",-17.875,-53.8125,159.5,159,160
"2820",-17.625,-61.0625,136.5,136,137
"2821",-17.625,-60.9375,134.5,134,135
"2822",-17.625,-60.8125,149.5,149,150
"2823",-17.625,-60.6875,151,151,151
"2824",-17.625,-60.5625,122,122,122
"2825",-17.625,-60.4375,123.5,123,124
"2826",-17.625,-60.3125,132,132,132
"2827",-17.625,-60.1875,150.5,149,152
"2828",-17.625,-59.9375,143,143,143
"2829",-17.625,-59.8125,132.444444444444,106,161
"2830",-17.625,-59.6875,127.571428571429,81,178
"2831",-17.625,-59.5625,122.533333333333,92,161
"2832",-17.625,-59.4375,128.230769230769,98,169
"2833",-17.625,-59.3125,133,121,168
"2834",-17.625,-59.1875,126.5,68,161
"2835",-17.625,-59.0625,128.714285714286,67,180
"2836",-17.625,-58.9375,148.636363636364,97,179
"2837",-17.625,-58.8125,159.279069767442,105,176
"2838",-17.625,-58.6875,153.613664514878,101,180
"2839",-17.625,-58.5625,151.863636363636,100,172
"2840",-17.625,-58.4375,138.970588235294,99,168
"2841",-17.625,-58.3125,125,123,128
"2842",-17.625,-57.8125,178,176,180
"2843",-17.625,-57.3125,146,145,147
"2844",-17.625,-57.1875,168.285714285714,161,178
"2845",-17.625,-57.0625,179.5,179,180
"2846",-17.625,-54.8125,172.5,171,174
"2847",-17.625,-54.6875,173,168,180
"2848",-17.625,-54.5625,166.5,166,167
"2849",-17.625,-54.4375,165,165,165
"2850",-17.625,-54.3125,164,164,164
"2851",-17.625,-54.1875,163,163,163
"2852",-17.625,-54.0625,162,162,162
"2853",-17.625,-53.9375,161,161,161
"2854",-17.375,-61.0625,139.5,139,140
"2855",-17.375,-60.9375,138,138,138
"2856",-17.375,-60.6875,152.5,152,153
"2857",-17.375,-60.4375,125,125,125
"2858",-17.375,-60.3125,126,126,126
"2859",-17.375,-60.1875,143.5,133,154
"2860",-17.375,-59.8125,140.125,108,162
"2861",-17.375,-59.6875,140.857142857143,94,180
"2862",-17.375,-59.5625,126.1875,82,164
"2863",-17.375,-59.4375,117.769230769231,100,170
"2864",-17.375,-59.3125,132.4,110,151
"2865",-17.375,-59.1875,152.8,84,178
"2866",-17.375,-59.0625,150.358974358974,69,180
"2867",-17.375,-58.9375,137.2,98,180
"2868",-17.375,-58.8125,148.708333333333,99,180
"2869",-17.375,-58.6875,153.655233987948,116,180
"2870",-17.375,-58.5625,150.642857142857,115,178
"2871",-17.375,-58.4375,137.7,116,169
"2872",-17.375,-58.3125,134.4,125,147
"2873",-17.375,-57.4375,150,148,152
"2874",-17.375,-57.1875,165,164,166
"2875",-17.375,-54.8125,175,175,175
"2876",-17.375,-54.6875,177.333333333333,176,179
"2877",-17.125,-61.0625,141,141,141
"2878",-17.125,-60.9375,142,142,142
"2879",-17.125,-60.8125,143,143,143
"2880",-17.125,-60.6875,155,154,156
"2881",-17.125,-60.3125,127.5,127,128
"2882",-17.125,-60.1875,148.666666666667,135,156
"2883",-17.125,-60.0625,136,136,136
"2884",-17.125,-59.8125,132.25,110,159
"2885",-17.125,-59.6875,144,95,163
"2886",-17.125,-59.5625,131.8,83,165
"2887",-17.125,-59.4375,130.294117647059,102,171
"2888",-17.125,-59.3125,146,111,180
"2889",-17.125,-59.1875,102.425,72,176
"2890",-17.125,-59.0625,151.208333333333,70,180
"2891",-17.125,-58.9375,149.693333333333,112,180
"2892",-17.125,-58.8125,167.1875,100,179
"2893",-17.125,-58.6875,156.610176673302,126,178
"2894",-17.125,-58.5625,162.181818181818,149,179
"2895",-17.125,-58.4375,143.52380952381,120,157
"2896",-17.125,-58.3125,136.8,128,149
"2897",-17.125,-57.5625,155,153,157
"2898",-17.125,-57.1875,168.5,167,170
"2899",-16.875,-60.6875,154.5,144,159
"2900",-16.875,-60.5625,145,145,145
"2901",-16.875,-60.1875,148,129,158
"2902",-16.875,-60.0625,133.5,130,137
"2903",-16.875,-59.9375,134.5,131,138
"2904",-16.875,-59.8125,160.333333333333,160,161
"2905",-16.875,-59.6875,130.25,112,151
"2906",-16.875,-59.5625,135.285714285714,84,166
"2907",-16.875,-59.4375,129.333333333333,98,167
"2908",-16.875,-59.3125,140.380952380952,100,178
"2909",-16.875,-59.1875,146.130434782609,96,176
"2910",-16.875,-59.0625,133.904761904762,88,170
"2911",-16.875,-58.9375,159.346153846154,129,180
"2912",-16.875,-58.8125,164.7,101,180
"2913",-16.875,-58.6875,165.822049458822,152,180
"2914",-16.875,-58.5625,161.888888888889,145,180
"2915",-16.875,-58.4375,148.2,122,168
"2916",-16.875,-58.3125,144,131,153
"2917",-16.875,-57.6875,180,180,180
"2918",-16.875,-57.5625,171.166666666667,158,179
"2919",-16.875,-57.4375,167.5,160,175
"2920",-16.875,-57.3125,171.5,171,172
"2921",-16.625,-60.6875,160,160,160
"2922",-16.625,-60.5625,161,161,161
"2923",-16.625,-60.4375,146,146,146
"2924",-16.625,-60.1875,159,159,159
"2925",-16.625,-59.9375,135.5,132,139
"2926",-16.625,-59.8125,162,162,162
"2927",-16.625,-59.6875,114,114,114
"2928",-16.625,-59.5625,136.8,115,153
"2929",-16.625,-59.4375,135.8125,85,167
"2930",-16.625,-59.3125,137.739130434783,99,179
"2931",-16.625,-59.1875,138.583333333333,100,174
"2932",-16.625,-59.0625,143.120689655172,96,171
"2933",-16.625,-58.9375,167.375,156,178
"2934",-16.625,-58.8125,163.95652173913,102,177
"2935",-16.625,-58.6875,168.657639567057,156,180
"2936",-16.625,-58.5625,155.796627952939,146,165.288197835286
"2937",-16.625,-58.4375,148.428571428571,125,180
"2938",-16.625,-58.3125,165,141,180
"2939",-16.625,-57.4375,163.5,163,164
"2940",-16.625,-57.3125,166,165,167
"2941",-16.625,-57.1875,170,168,172
"2942",-16.375,-60.5625,162,162,162
"2943",-16.375,-60.3125,147,147,147
"2944",-16.375,-60.1875,160.5,160,161
"2945",-16.375,-59.8125,136.5,133,140
"2946",-16.375,-59.6875,152,141,163
"2947",-16.375,-59.5625,139,126,164
"2948",-16.375,-59.4375,140.333333333333,117,170
"2949",-16.375,-59.3125,145.578947368421,86,180
"2950",-16.375,-59.1875,146.701492537313,103,180
"2951",-16.375,-59.0625,148.736263736264,98,180
"2952",-16.375,-58.9375,135.606060606061,101,178
"2953",-16.375,-58.8125,150.25,103,180
"2954",-16.375,-58.6875,165.5,157,174
"2955",-16.375,-58.5625,159.197049458822,147,173
"2956",-16.375,-58.4375,147.769230769231,127,174
"2957",-16.375,-58.3125,161.533333333333,142,178
"2958",-16.375,-57.1875,174,173,175
"2959",-16.375,-57.0625,176,176,176
"2960",-16.125,-60.5625,163,163,163
"2961",-16.125,-60.1875,152.25,148,162
"2962",-16.125,-59.9375,135.5,135,136
"2963",-16.125,-59.8125,134,134,134
"2964",-16.125,-59.5625,148.75,128,165
"2965",-16.125,-59.4375,152.5,120,171
"2966",-16.125,-59.3125,132.5,87,157
"2967",-16.125,-59.1875,133.756756756757,104,166
"2968",-16.125,-59.0625,157.063829787234,101,180
"2969",-16.125,-58.9375,134.333333333333,102,177
"2970",-16.125,-58.8125,136.2,105,161
"2971",-16.125,-58.6875,170.555555555556,155,178
"2972",-16.125,-58.5625,154.877728416806,130,177
"2973",-16.125,-58.4375,155.690683152941,139,172
"2974",-16.125,-58.3125,155.714285714286,144,175
"2975",-16.125,-58.1875,167,164,170
"2976",-16.125,-57.1875,179.5,179,180
"2977",-16.125,-57.0625,177.5,177,178
"2978",-15.875,-60.4375,164.5,164,165
"2979",-15.875,-60.1875,154.75,151,163
"2980",-15.875,-60.0625,160,137,172
"2981",-15.875,-59.9375,173,173,173
"2982",-15.875,-59.8125,174,174,174
"2983",-15.875,-59.5625,159.4,143,173
"2984",-15.875,-59.4375,154.833333333333,129,166
"2985",-15.875,-59.3125,125,107,140
"2986",-15.875,-59.1875,158,131,167
"2987",-15.875,-59.0625,154.086956521739,110,179
"2988",-15.875,-58.9375,143,103,173
"2989",-15.875,-58.8125,149.333333333333,106,178
"2990",-15.875,-58.6875,169.833333333333,150,180
"2991",-15.875,-58.5625,142.384615384615,133,159
"2992",-15.875,-58.4375,164.038427056207,147,175
"2993",-15.875,-58.3125,156.75,147,176
"2994",-15.875,-58.1875,172.5,171,174
"2995",-15.625,-60.3125,166.666666666667,166,167
"2996",-15.625,-60.1875,169,168,170
"2997",-15.625,-60.0625,149.8,138,164
"2998",-15.625,-59.9375,165.5,165,166
"2999",-15.625,-59.8125,167.5,167,168
"3000",-15.625,-59.6875,171,169,175
"3001",-15.625,-59.5625,144,144,144
"3002",-15.625,-59.4375,145.125,109,164
"3003",-15.625,-59.3125,133.166666666667,88,168
"3004",-15.625,-59.1875,145.1,110,169
"3005",-15.625,-59.0625,147.833333333333,115,173
"3006",-15.625,-58.9375,148.5,125,176
"3007",-15.625,-58.8125,144.222222222222,107,179
"3008",-15.625,-58.6875,155,152,158
"3009",-15.625,-58.5625,151.548034667969,138,175.288208007812
"3010",-15.625,-58.4375,157.15,111,177
"3011",-15.625,-58.3125,161.272727272727,149,178
"3012",-15.625,-58.1875,159.777777777778,112,178
"3013",-15.375,-59.9375,156,156,156
"3014",-15.375,-59.6875,176.5,176,177
"3015",-15.375,-59.5625,159,145,173
"3016",-15.375,-59.4375,152.4,113,174
"3017",-15.375,-59.3125,138.714285714286,112,165
"3018",-15.375,-59.1875,130.666666666667,111,170
"3019",-15.375,-59.0625,140.333333333333,104,172
"3020",-15.375,-58.9375,149.307692307692,104,177
"3021",-15.375,-58.8125,160.375,109,180
"3022",-15.375,-58.6875,171,159,180
"3023",-15.375,-58.5625,157.227882667824,120,179.288208007812
"3024",-15.375,-58.4375,171.5,161,176
"3025",-15.375,-58.3125,165.666666666667,122,180
"3026",-15.375,-58.1875,134,113,155
"3027",-15.375,-58.0625,179.5,179,180
"3028",-15.125,-59.9375,139,139,139
"3029",-15.125,-59.6875,159,140,178
"3030",-15.125,-59.5625,159.166666666667,147,174
"3031",-15.125,-59.4375,127.5,114,141
"3032",-15.125,-59.3125,152.272727272727,89,175
"3033",-15.125,-59.1875,148.285714285714,112,166
"3034",-15.125,-59.0625,144.272727272727,114,167
"3035",-15.125,-58.9375,142.307692307692,105,177
"3036",-15.125,-58.8125,134.416666666667,110,176
"3037",-15.125,-58.6875,151.375,111,166
"3038",-15.125,-58.5625,161.166666666667,110,180
"3039",-15.125,-58.4375,169.75,162,177
"3040",-15.125,-58.3125,163.8,123,179
"3041",-15.125,-58.1875,133.5,114,153
"3042",-14.875,-59.9375,157,157,157
"3043",-14.875,-59.5625,169.333333333333,164,179
"3044",-14.875,-59.4375,148,115,175
"3045",-14.875,-59.1875,147.5,123,164
"3046",-14.875,-59.0625,139.714285714286,105,168
"3047",-14.875,-58.9375,151.833333333333,125,178
"3048",-14.875,-58.8125,143.8,118,177
"3049",-14.875,-58.6875,147.875,109,172
"3050",-14.875,-58.5625,160.1,114,178
"3051",-14.875,-58.4375,163.2,157,178
"3052",-14.875,-58.3125,161.5,115,180
"3053",-14.875,-58.1875,154,154,154
"3054",-14.625,-59.9375,158,158,158
"3055",-14.625,-59.4375,166,166,166
"3056",-14.625,-59.3125,136.25,90,176
"3057",-14.625,-59.1875,141.2,113,176
"3058",-14.625,-59.0625,140.333333333333,107,169
"3059",-14.625,-58.9375,132.214285714286,92,179
"3060",-14.625,-58.8125,134.555555555556,94,178
"3061",-14.625,-58.6875,170.777777777778,149,176
"3062",-14.625,-58.5625,156.6,115,179
"3063",-14.625,-58.4375,147.416666666667,116,179
"3064",-14.625,-58.3125,160,160,160
"3065",-14.625,-58.1875,155.5,155,156
"3066",-14.375,-59.9375,159,159,159
"3067",-14.375,-59.5625,170.5,161,180
"3068",-14.375,-59.4375,165.666666666667,162,168
"3069",-14.375,-59.1875,144,117,177
"3070",-14.375,-59.0625,151.714285714286,91,180
"3071",-14.375,-58.9375,146.083333333333,126,179
"3072",-14.375,-58.8125,141.5,95,168
"3073",-14.375,-58.6875,176.5,175,178
"3074",-14.375,-58.5625,146.428571428571,117,168
"3075",-14.375,-58.4375,154.333333333333,117,180
"3076",-14.375,-58.3125,161,161,161
"3077",-14.375,-58.1875,157,157,157
"3078",-14.125,-59.6875,160,160,160
"3079",-14.125,-59.3125,169,169,169
"3080",-14.125,-59.1875,143.5,143,144
"3081",-14.125,-59.0625,147.714285714286,114,178
"3082",-14.125,-58.9375,150.6,108,180
"3083",-14.125,-58.8125,151.416666666667,97,169
"3084",-14.125,-58.6875,137.818181818182,119,180
"3085",-14.125,-58.5625,152.75,119,179
"3086",-14.125,-58.4375,142.5,118,167
"3087",-14.125,-58.3125,158.5,158,159
"3088",-14.125,-58.0625,155.5,155,156
"3089",-14.125,-57.9375,153.5,153,154
"3090",-14.125,-57.8125,151,150,152
"3091",-14.125,-57.6875,148,147,149
"3092",-13.875,-59.3125,161.666666666667,144,171
"3093",-13.875,-59.1875,171,171,171
"3094",-13.875,-59.0625,149.777777777778,118,172
"3095",-13.875,-58.9375,151.066666666667,115,179
"3096",-13.875,-58.8125,131.666666666667,98,167
"3097",-13.875,-58.6875,144.2,118,180
"3098",-13.875,-58.5625,156.142857142857,121,180
"3099",-13.875,-58.4375,145.4,119,168
"3100",-13.875,-58.3125,161,160,162
"3101",-13.875,-58.1875,158.333333333333,158,159
"3102",-13.875,-58.0625,157,157,157
"3103",-13.875,-57.5625,145.5,145,146
"3104",-13.625,-59.3125,172,172,172
"3105",-13.625,-59.1875,171.444444444444,139,179
"3106",-13.625,-59.0625,140.631578947368,117,157
"3107",-13.625,-58.9375,145.888888888889,109,180
"3108",-13.625,-58.8125,146.125,128,156
"3109",-13.625,-58.6875,137.5,130,157
"3110",-13.625,-58.5625,158.9,122,171
"3111",-13.625,-58.4375,168.470588235294,121,180
"3112",-13.625,-57.5625,143.5,143,144
"3113",-13.375,-59.3125,145,145,145
"3114",-13.375,-59.1875,160.5,141,180
"3115",-13.375,-59.0625,158.108108108108,118,180
"3116",-13.375,-58.9375,152.888888888889,142,170
"3117",-13.375,-58.8125,136.375,99,169
"3118",-13.375,-58.6875,145.333333333333,130,166
"3119",-13.375,-58.5625,152.375,123,172
"3120",-13.375,-58.4375,143,122,164
"3121",-13.375,-57.5625,141.5,141,142
"3122",-13.125,-59.3125,173,173,173
"3123",-13.125,-59.1875,145.333333333333,127,172
"3124",-13.125,-59.0625,152.2,119,175
"3125",-13.125,-58.9375,154.428571428571,123,173
"3126",-13.125,-58.8125,138.571428571429,100,167
"3127",-13.125,-58.6875,152.875,131,173
"3128",-13.125,-58.5625,150.285714285714,125,170
"3129",-13.125,-58.4375,123,123,123
"3130",-13.125,-57.6875,139.5,139,140
"3131",-12.875,-59.3125,156,138,161
"3132",-12.875,-59.1875,152.5,128,173
"3133",-12.875,-59.0625,162.592592592593,151,178
"3134",-12.875,-58.9375,160.5,120,173
"3135",-12.875,-58.8125,137.5,112,168
"3136",-12.875,-58.6875,161.857142857143,133,174
"3137",-12.875,-58.5625,152,132,173
"3138",-12.875,-58.4375,156.333333333333,126,172
"3139",-12.875,-58.3125,124.5,124,125
"3140",-12.875,-58.1875,126,126,126
"3141",-12.875,-57.8125,137,137,137
"3142",-12.875,-57.6875,159,138,180
"3143",-12.625,-59.3125,160.615384615385,139,174
"3144",-12.625,-59.1875,157.6,129,174
"3145",-12.625,-59.0625,167.25,143,180
"3146",-12.625,-58.9375,161.166666666667,144,170
"3147",-12.625,-58.8125,131.857142857143,101,174
"3148",-12.625,-58.6875,154.142857142857,128,175
"3149",-12.625,-58.5625,145.142857142857,134,167
"3150",-12.625,-58.4375,154.75,133,174
"3151",-12.625,-58.3125,143,127,174
"3152",-12.625,-58.1875,127.333333333333,127,128
"3153",-12.625,-58.0625,130,129,131
"3154",-12.625,-57.9375,133.5,132,135
"3155",-12.625,-57.8125,136,136,136
"3156",-12.625,-57.6875,177,175,179
"3157",-12.375,-59.1875,162.428571428571,156,174
"3158",-12.375,-59.0625,168.461538461538,153,178
"3159",-12.375,-58.9375,165.75,130,180
"3160",-12.375,-58.8125,151.571428571429,117,173
"3161",-12.375,-58.6875,143.125,102,176
"3162",-12.375,-58.5625,152.875,134,175
"3163",-12.375,-58.4375,161,134,176
"3164",-12.375,-58.3125,152,129,175
"3165",-12.375,-57.8125,170,169,171
"3166",-12.375,-57.6875,173,172,174
"3167",-12.125,-59.3125,158,141,175
"3168",-12.125,-59.1875,150.5,139,162
"3169",-12.125,-59.0625,177.5,177,178
"3170",-12.125,-58.9375,176.75,175,180
"3171",-12.125,-58.8125,158.5,131,177
"3172",-12.125,-58.6875,145.714285714286,119,177
"3173",-12.125,-58.5625,151.7,103,174
"3174",-12.125,-58.4375,159.5,135,178
"3175",-12.125,-58.3125,160.8,135,176
"3176",-12.125,-58.1875,170.166666666667,130,180
"3177",-12.125,-57.8125,165.5,163,168
"3178",-12.125,-57.6875,157.7,154,162
"3179",-12.125,-57.3125,179.25,178,180
"3180",-12.125,-57.0625,177,177,177
"3181",-11.875,-59.3125,159,142,176
"3182",-11.875,-59.1875,164.5,163,166
"3183",-11.875,-59.0625,166.875,138,178
"3184",-11.875,-58.9375,168.909090909091,136,180
"3185",-11.875,-58.8125,152.142857142857,132,178
"3186",-11.875,-58.6875,130,120,140
"3187",-11.875,-58.5625,156.428571428571,124,178
"3188",-11.875,-58.4375,154.5,136,176
"3189",-11.875,-58.3125,154.857142857143,104,180
"3190",-11.875,-58.1875,157,136,178
"3191",-11.875,-58.0625,149,131,179
"3192",-11.875,-57.8125,149.5,148,151
"3193",-11.875,-57.6875,150.666666666667,147,153
"3194",-11.875,-57.4375,177.333333333333,177,178
"3195",-11.875,-57.3125,176.2,174,179
"3196",-11.875,-57.1875,170,168,172
"3197",-11.875,-57.0625,171.555555555556,162,179
"3198",-11.875,-56.9375,172.5,165,180
"3199",-11.625,-59.5625,178,178,178
"3200",-11.625,-59.4375,160,143,177
"3201",-11.625,-58.9375,180,180,180
"3202",-11.625,-58.8125,163.5,133,180
"3203",-11.625,-58.6875,135.5,121,150
"3204",-11.625,-58.5625,163.777777777778,141,179
"3205",-11.625,-58.4375,162.8,138,174
"3206",-11.625,-58.3125,156,137,175
"3207",-11.625,-58.1875,140.25,105,167
"3208",-11.625,-58.0625,159,132,180
"3209",-11.625,-57.9375,138.5,138,139
"3210",-11.625,-57.8125,141,140,142
"3211",-11.625,-57.6875,144.5,143,146
"3212",-11.625,-57.4375,174.333333333333,172,176
"3213",-11.625,-57.3125,168.5,164,173
"3214",-11.625,-57.1875,162.285714285714,158,167
"3215",-11.625,-56.9375,166.5,166,167
"3216",-11.625,-56.8125,168,168,168
"3217",-11.375,-59.4375,144,144,144
"3218",-11.375,-59.0625,175,175,175
"3219",-11.375,-58.8125,135.5,135,136
"3220",-11.375,-58.6875,154,137,171
"3221",-11.375,-58.5625,146,122,176
"3222",-11.375,-58.4375,178,177,180
"3223",-11.375,-58.3125,159,125,176
"3224",-11.375,-58.1875,142,107,177
"3225",-11.375,-58.0625,163.666666666667,145,178
"3226",-11.375,-57.9375,139.75,133,166
"3227",-11.375,-57.8125,140,140,140
"3228",-11.375,-57.4375,172.666666666667,171,174
"3229",-11.375,-57.3125,159.8,156,163
"3230",-11.375,-56.8125,169.5,169,170
"3231",-11.125,-59.6875,179,179,179
"3232",-11.125,-59.5625,145,145,145
"3233",-11.125,-59.1875,176,176,176
"3234",-11.125,-59.0625,177,177,177
"3235",-11.125,-58.6875,172,172,172
"3236",-11.125,-58.5625,149,149,149
"3237",-11.125,-58.4375,160.4,139,177
"3238",-11.125,-58.3125,145,123,178
"3239",-11.125,-58.0625,147.166666666667,106,180
"3240",-11.125,-57.9375,148.545454545455,140,153
"3241",-11.125,-57.8125,149.875,141,169
"3242",-11.125,-57.6875,148.5,145,152
"3243",-11.125,-57.5625,170.333333333333,169,172
"3244",-11.125,-57.4375,159.333333333333,159,160
"3245",-11.125,-57.3125,154.5,154,155
"3246",-11.125,-56.8125,171,171,171
"3247",-10.875,-59.6875,180,180,180
"3248",-10.875,-59.5625,146.5,146,147
"3249",-10.875,-59.1875,177.666666666667,177,178
"3250",-10.875,-59.0625,174,174,174
"3251",-10.875,-58.8125,173,173,173
"3252",-10.875,-58.4375,164.333333333333,150,173
"3253",-10.875,-58.3125,159,140,178
"3254",-10.875,-58.1875,129.5,108,151
"3255",-10.875,-58.0625,163,147,179
"3256",-10.875,-57.9375,162.5,139,180
"3257",-10.875,-57.8125,152,140,159
"3258",-10.875,-57.6875,161.25,153,170
"3259",-10.875,-57.5625,159.75,155,171
"3260",-10.875,-57.4375,153.5,151,158
"3261",-10.875,-56.8125,172.5,172,173
"3262",-10.625,-59.5625,148.5,148,149
"3263",-10.625,-59.1875,178,175,180
"3264",-10.625,-58.4375,171,171,171
"3265",-10.625,-58.3125,163.5,153,174
"3266",-10.625,-58.1875,127,127,127
"3267",-10.625,-58.0625,137.333333333333,109,179
"3268",-10.625,-57.9375,164.083333333333,152,175
"3269",-10.625,-57.8125,143.666666666667,141,148
"3270",-10.625,-57.6875,142.5,142,143
"3271",-10.625,-57.5625,147,147,147
"3272",-10.625,-57.4375,149,148,150
"3273",-10.625,-56.9375,175,174,176
"3274",-10.375,-59.6875,150,150,150
"3275",-10.375,-59.5625,151.333333333333,151,152
"3276",-10.375,-59.1875,179,179,179
"3277",-10.375,-58.3125,154,154,154
"3278",-10.375,-58.1875,156.5,141,172
"3279",-10.375,-58.0625,148,148,148
"3280",-10.375,-57.9375,151.25,110,180
"3281",-10.375,-57.8125,151,149,153
"3282",-10.375,-57.5625,145,144,146
"3283",-10.375,-57.0625,179.5,179,180
"3284",-10.375,-56.9375,177.666666666667,177,178
"3285",-10.125,-59.5625,153,153,153
"3286",-10.125,-59.4375,160,154,165
"3287",-10.125,-59.3125,162,157,176
"3288",-10.125,-58.1875,142,142,142
"3289",-10.125,-58.0625,126.5,125,128
"3290",-10.125,-57.9375,154.117647058824,116,180
"3291",-10.125,-57.8125,163,150,176
"3292",-10.125,-57.6875,174,174,174
"3293",-9.875,-59.5625,167,166,168
"3294",-9.875,-59.1875,180,180,180
"3295",-9.875,-58.1875,153.333333333333,151,155
"3296",-9.875,-58.0625,150.6,149,153
"3297",-9.875,-57.9375,146.588235294118,121,176
"3298",-9.875,-57.8125,154,154,154
"3299",-9.875,-57.6875,177,177,177
"3300",-9.625,-59.5625,169.5,169,170
"3301",-9.625,-59.4375,171,171,171
"3302",-9.625,-59.1875,177,177,177
"3303",-9.625,-58.3125,160.5,159,162
"3304",-9.625,-58.1875,156.571428571429,143,164
"3305",-9.625,-58.0625,147.666666666667,126,165
"3306",-9.625,-57.9375,165.222222222222,126,180
"3307",-9.625,-57.8125,157.666666666667,130,172
"3308",-9.625,-57.6875,175,175,175
"3309",-9.375,-59.4375,172.5,172,173
"3310",-9.375,-59.3125,177,174,180
"3311",-9.375,-58.1875,144,144,144
"3312",-9.375,-58.0625,144.285714285714,127,166
"3313",-9.375,-57.8125,162.2,131,178
"3314",-9.375,-57.6875,176,176,176
"3315",-9.125,-58.9375,178,178,178
"3316",-9.125,-58.1875,154,154,154
"3317",-9.125,-58.0625,135.75,127,155
"3318",-9.125,-57.9375,167,167,167
"3319",-9.125,-57.8125,169.333333333333,157,176
"3320",-9.125,-57.6875,132.5,132,133
"3321",-9.125,-56.9375,140.5,140,141
"3322",-9.125,-56.8125,142,142,142
"3323",-9.125,-56.6875,143,143,143
"3324",-8.875,-58.8125,179,179,179
"3325",-8.875,-58.1875,171.666666666667,155,177
"3326",-8.875,-58.0625,142.833333333333,132,157
"3327",-8.875,-57.9375,169.8,156,179
"3328",-8.875,-57.8125,174.2,158,179
"3329",-8.875,-57.6875,134.5,134,135
"3330",-8.875,-56.9375,139,139,139
"3331",-8.875,-56.5625,144,144,144
"3332",-8.625,-58.6875,180,180,180
"3333",-8.625,-58.1875,175,172,178
"3334",-8.625,-58.0625,161.230769230769,135,180
"3335",-8.625,-57.9375,128,128,128
"3336",-8.625,-57.8125,169.5,159,180
"3337",-8.625,-57.6875,136,136,136
"3338",-8.625,-57.0625,137.5,137,138
"3339",-8.625,-56.4375,145,145,145
"3340",-8.375,-58.1875,158,156,160
"3341",-8.375,-58.0625,144,138,159
"3342",-8.375,-57.9375,146,146,146
"3343",-8.375,-57.6875,137.5,137,138
"3344",-8.375,-57.1875,136,136,136
"3345",-8.375,-56.4375,146,146,146
"3346",-8.125,-58.1875,162.6,157,179
"3347",-8.125,-58.0625,146.8,141,161
"3348",-8.125,-57.9375,160,160,160
"3349",-8.125,-57.8125,134.5,129,140
"3350",-8.125,-57.6875,139,139,139
"3351",-8.125,-57.3125,135,135,135
"3352",-7.875,-58.3125,171,162,180
"3353",-7.875,-58.1875,158.833333333333,148,163
"3354",-7.875,-57.9375,144.714285714286,141,148
"3355",-7.875,-57.8125,130,130,130
"3356",-7.875,-57.4375,134,134,134
"3357",-7.875,-56.3125,147.5,147,148
"3358",-7.625,-58.3125,158.666666666667,149,164
"3359",-7.625,-58.1875,158.6,144,165
"3360",-7.625,-58.0625,143,143,143
"3361",-7.625,-57.9375,151,149,153
"3362",-7.625,-57.8125,161.333333333333,131,169
"3363",-7.625,-57.6875,151,132,170
"3364",-7.625,-57.5625,152,133,171
"3365",-7.625,-57.4375,172,172,172
"3366",-7.625,-57.3125,173,173,173
"3367",-7.625,-57.1875,175,174,176
"3368",-7.625,-56.3125,149,149,149
"3369",-7.375,-58.4375,150,150,150
"3370",-7.375,-58.3125,155,145,165
"3371",-7.375,-58.1875,162,162,162
"3372",-7.375,-58.0625,164.333333333333,160,167
"3373",-7.375,-57.9375,155.5,154,157
"3374",-7.375,-57.8125,165,165,165
"3375",-7.375,-57.6875,179.25,178,180
"3376",-7.375,-57.4375,180,180,180
"3377",-7.375,-57.1875,177,177,177
"3378",-7.375,-57.0625,178,178,178
"3379",-7.375,-56.3125,150,150,150
"3380",-7.125,-58.4375,151,151,151
"3381",-7.125,-58.3125,153,146,166
"3382",-7.125,-58.0625,166.666666666667,163,169
"3383",-7.125,-57.9375,159.5,158,161
"3384",-7.125,-57.8125,163,162,164
"3385",-7.125,-57.6875,177,177,177
"3386",-7.125,-57.5625,175.5,175,176
"3387",-7.125,-57.4375,179,179,179
"3388",-7.125,-57.0625,179.5,179,180
"3389",-7.125,-56.4375,152,152,152
"3390",-7.125,-56.3125,151,151,151
"3391",-6.875,-58.4375,152,152,152
"3392",-6.875,-58.3125,148,148,148
"3393",-6.875,-58.1875,167,167,167
"3394",-6.875,-58.0625,164,164,164
"3395",-6.875,-57.9375,165.5,161,170
"3396",-6.875,-57.5625,176.2,174,178
"3397",-6.875,-56.4375,153,153,153
"3398",-6.625,-58.3125,153,153,153
"3399",-6.625,-58.1875,151.5,149,154
"3400",-6.625,-58.0625,156.333333333333,150,168
"3401",-6.625,-57.9375,165,165,165
"3402",-6.625,-57.8125,171,171,171
"3403",-6.625,-57.5625,173.166666666667,172,175
"3404",-6.625,-56.8125,177,174,180
"3405",-6.625,-56.6875,171.333333333333,170,173
"3406",-6.625,-56.5625,154.5,154,155
"3407",-6.375,-57.9375,162.166666666667,152,169
"3408",-6.375,-57.8125,153,153,153
"3409",-6.375,-57.5625,170.666666666667,170,171
"3410",-6.375,-57.4375,169,168,170
"3411",-6.375,-56.6875,170.5,169,172
"3412",-6.375,-56.5625,161.714285714286,156,168
"3413",-6.125,-57.9375,170,170,170
"3414",-6.125,-57.8125,163.666666666667,156,172
"3415",-6.125,-57.6875,158.25,154,167
"3416",-6.125,-57.5625,168.5,168,169
"3417",-6.125,-57.4375,166.5,166,167
"3418",-5.875,-57.8125,171,171,171
"3419",-5.875,-57.6875,156,156,156
"3420",-5.875,-57.5625,159,158,160
"3421",-5.875,-57.4375,163,161,165
"3422",-5.625,-57.8125,168.5,164,173
"3423",-5.625,-57.6875,170,170,170
"3424",-5.625,-57.5625,161.333333333333,157,169
"3425",-5.375,-57.9375,174,174,174
"3426",-5.375,-57.8125,172,172,172
"3427",-5.375,-57.6875,167.333333333333,165,171
"3428",-5.375,-57.5625,164.666666666667,159,168
"3429",-5.125,-57.5625,160,160,160
"3430",-4.875,-57.8125,174,173,175
"3431",-4.875,-57.6875,173,173,173
"3432",-4.875,-57.5625,161,161,161
"3433",-4.625,-57.8125,174,174,174
"3434",-4.625,-57.6875,171.666666666667,162,177
"3435",-4.625,-57.4375,179.5,179,180
"3436",-4.375,-57.6875,172.5,163,178
"3437",-4.375,-57.5625,178,176,180
"3438",-4.375,-57.4375,178,178,178
"3439",-4.125,-57.6875,175,175,175
"3440",-4.125,-56.9375,180,180,180
"3441",-3.875,-57.8125,164,164,164
"3442",-3.875,-57.6875,176,176,176
"3443",-3.875,-57.5625,177,177,177
"3444",-3.875,-56.9375,178.5,178,179
"3445",-3.625,-57.8125,165,165,165
"3446",-3.625,-57.5625,178,178,178
"3447",-3.625,-57.4375,179.5,179,180
"3448",-3.625,-56.9375,177,177,177
"3449",-3.375,-57.8125,166,166,166
"3450",-3.375,-56.9375,176,176,176
"3451",-3.125,-57.8125,167.5,167,168
"3452",-3.125,-57.1875,174,174,174
"3453",-3.125,-57.0625,175,175,175
"3454",-2.875,-57.6875,169,169,169
"3455",-2.875,-57.5625,170.5,170,171
"3456",-2.875,-57.4375,172,172,172
"3457",-2.875,-57.3125,173,173,173
