"","x","y","avg","min","max"
"1",-62.625,-62.9375,174.482645670573,174.482645670573,174.482645670573
"2",-62.625,-62.8125,166.417972564697,159.923614501953,175.482645670573
"3",-62.625,-62.6875,156.19223577326,145,166.923614501953
"4",-62.625,-62.5625,162.889324188232,149,169.923614501953
"5",-62.375,-62.9375,176.96875,176.96875,176.96875
"6",-62.375,-62.8125,168.676341465541,153.923614501953,179.96875
"7",-62.375,-62.6875,170.037155151367,158.78125,179.482645670573
"8",-62.375,-62.5625,167.207180447049,151,179.697916666667
"9",-62.375,-62.4375,169.85243733724,167.78125,171.923624674479
"10",-62.125,-64.0625,179.5,179,180
"11",-62.125,-63.5625,146.631601969401,112,164.045145670573
"12",-62.125,-63.1875,154.2963019477,146.923614501953,158.482645670573
"13",-62.125,-63.0625,165.337246788873,147.923614501953,179.340291341146
"14",-62.125,-62.9375,165.522861056858,148,177.715291341146
"15",-62.125,-62.8125,159.88339360555,143,179.715291341146
"16",-62.125,-62.6875,162.58883412679,144,174.697916666667
"17",-62.125,-62.5625,170.918412272135,157,179.454874674479
"18",-62.125,-62.4375,166.90712483724,152,173.923624674479
"19",-61.875,-64.0625,174.5,172,177
"20",-61.875,-63.9375,169.166666666667,162,178
"21",-61.875,-63.8125,178.545145670573,178.045145670573,179.045145670573
"22",-61.875,-63.6875,146.057561629858,120,177.045145670573
"23",-61.875,-63.5625,137.415800984701,110,166.045145670573
"24",-61.875,-63.4375,135.179862467448,107,153.045145670573
"25",-61.875,-63.3125,154.185606985381,141.854166666667,168.34028116862
"26",-61.875,-63.1875,160.600900886885,144.923614501953,180
"27",-61.875,-63.0625,155.258057861328,117,180
"28",-61.875,-62.9375,159.742190238757,136,179.927083333333
"29",-61.875,-62.8125,155.734562388638,110,179.829874674479
"30",-61.875,-62.6875,158.821713212608,113,176.361124674479
"31",-61.875,-62.5625,161.585546320135,154,168.482645670573
"32",-61.875,-62.4375,165.390625,161,169.78125
"33",-61.875,-62.3125,167.949083116319,153,175.923624674479
"34",-61.625,-69.4375,103.09630088832,29,180
"35",-61.625,-69.3125,129.137288639688,33,179.684041341146
"36",-61.625,-63.9375,164.714285714286,161,170
"37",-61.625,-63.8125,162.19357808431,153,178.77431233724
"38",-61.625,-63.6875,152.580577882946,130.829864501953,179.77431233724
"39",-61.625,-63.5625,141.515973578559,100,166.475697835286
"40",-61.625,-63.4375,149.828068524942,116.68056233724,170.475697835286
"41",-61.625,-63.3125,156.528938848854,108,175.510416666667
"42",-61.625,-63.1875,158.279063845903,110,179.201395670573
"43",-61.625,-63.0625,151.613794694867,114,180
"44",-61.625,-62.9375,160.974540427879,106,180
"45",-61.625,-62.8125,143.56872177124,107,174.361124674479
"46",-61.625,-62.6875,153.229577158012,115,178.361124674479
"47",-61.625,-62.5625,156.730814080489,118,179.361124674479
"48",-61.625,-62.4375,162.413197835286,121,176.045145670573
"49",-61.625,-62.3125,167.56829155816,154,176.923624674479
"50",-61.375,-69.9375,27.6143798080145,7.125,40.7673619588216
"51",-61.375,-69.8125,88.2929367888232,7.04166666666667,179.989583333333
"52",-61.375,-69.6875,89.7711173214115,4,179.972229003906
"53",-61.375,-69.5625,104.153896929038,2,180
"54",-61.375,-69.4375,112.374291165327,5,180
"55",-61.375,-69.3125,91.7973416408089,4,180
"56",-61.375,-69.1875,89.8290517230036,4,180
"57",-61.375,-69.0625,58.7340316030226,8,179.791666666667
"58",-61.375,-68.9375,98.5068228226963,17,161.482645670573
"59",-61.375,-63.8125,155.5,155,156
"60",-61.375,-63.6875,164.714898756993,152,179.256958007812
"61",-61.375,-63.5625,158.585300780179,98,179.784729003906
"62",-61.375,-63.4375,150.255902209914,103.482645670573,180
"63",-61.375,-63.3125,146.16805883337,93,180
"64",-61.375,-63.1875,148.562211528577,95,179.510416666667
"65",-61.375,-63.0625,144.096436934038,97,179.225708007812
"66",-61.375,-62.9375,149.616959863779,100,179.982645670573
"67",-61.375,-62.8125,159.789585367839,136.892364501953,170.15278116862
"68",-61.375,-62.6875,142.692364501953,140.892364501953,143.892364501953
"69",-61.375,-62.5625,162.982060750326,144.892364501953,168
"70",-61.375,-62.4375,155.930965647978,122,178
"71",-61.375,-62.3125,171.908569335938,162,179
"72",-61.375,-62.1875,161.927083333333,156,172.78125
"73",-61.125,-74.8125,104.340687872477,7,179.503479003906
"74",-61.125,-74.6875,112.279765031093,24.3958333333333,179.34375
"75",-61.125,-70.3125,87.0358404432024,27,167.03125
"76",-61.125,-70.1875,76.2652363571035,1,179.89931233724
"77",-61.125,-70.0625,71.1801141410459,0,180
"78",-61.125,-69.9375,84.176826977574,1,180
"79",-61.125,-69.8125,79.6023848391214,0,180
"80",-61.125,-69.6875,79.3818641049186,1,180
"81",-61.125,-69.5625,126.052294911641,4,180
"82",-61.125,-69.4375,84.94970619109,0,180
"83",-61.125,-69.3125,57.198285538111,1,180
"84",-61.125,-69.1875,76.2768312721793,1,180
"85",-61.125,-69.0625,35.5409015738641,0,180
"86",-61.125,-68.9375,68.3051646368398,5,179.86806233724
"87",-61.125,-68.8125,96.7604176283551,13,179.083333333333
"88",-61.125,-67.5625,74.4164533844518,30,179.177083333333
"89",-61.125,-67.4375,95.0305041144876,32.96875,179.121541341146
"90",-61.125,-63.8125,144.256947835286,142.256947835286,146.256947835286
"91",-61.125,-63.6875,148.906949361165,133.256947835286,177.256958007812
"92",-61.125,-63.5625,156.328674025763,108.68056233724,178.25
"93",-61.125,-63.4375,148.892404839253,95,178.861124674479
"94",-61.125,-63.3125,148.758034634752,90,180
"95",-61.125,-63.1875,147.846386489048,110,179.11806233724
"96",-61.125,-63.0625,149.696130911509,111,179.534729003906
"97",-61.125,-62.9375,153.667660897238,99,180
"98",-61.125,-62.8125,152.941697862413,125,172.361124674479
"99",-61.125,-62.5625,145.892364501953,145.892364501953,145.892364501953
"100",-61.125,-62.4375,155.297454833984,125,173
"101",-61.125,-62.3125,159.910794771635,126,180
"102",-61.125,-62.1875,171.046880086263,158,178.923624674479
"103",-60.875,-74.9375,109.548801522231,8.93055597941081,179.559041341146
"104",-60.875,-74.8125,104.163171762908,3,180
"105",-60.875,-74.6875,109.267144104929,2,179.975708007812
"106",-60.875,-74.4375,95.4270470438905,3.98611132303874,179.326395670573
"107",-60.875,-74.3125,132.945437476749,99.8680623372396,173.71875
"108",-60.875,-70.8125,88.0054464363451,7,179.71181233724
"109",-60.875,-70.6875,97.9277943614422,8,179.482645670573
"110",-60.875,-70.4375,59.1279103785385,6,179.652791341146
"111",-60.875,-70.3125,79.7203921455732,1,180
"112",-60.875,-70.1875,95.5505108317289,1,180
"113",-60.875,-70.0625,96.5677237908045,2,180
"114",-60.875,-69.9375,74.1830967760552,1,180
"115",-60.875,-69.8125,85.1770463657107,1,180
"116",-60.875,-69.6875,92.5756676020477,2,180
"117",-60.875,-69.5625,125.404177046965,6,180
"118",-60.875,-69.4375,102.468386733617,3,180
"119",-60.875,-69.3125,99.8860381111425,1,180
"120",-60.875,-69.1875,94.1306866551822,5,180
"121",-60.875,-69.0625,73.0568236771333,2,180
"122",-60.875,-68.9375,67.4076991599348,4,180
"123",-60.875,-68.8125,88.2715943484217,3,180
"124",-60.875,-68.6875,60.6947563716343,7,144.986114501953
"125",-60.875,-67.9375,143.619871855945,46.9756978352865,180
"126",-60.875,-67.8125,133.852716903346,14,180
"127",-60.875,-67.6875,113.734357095406,11,180
"128",-60.875,-67.5625,107.994887715126,5,180
"129",-60.875,-67.4375,91.5122446961455,3,180
"130",-60.875,-67.3125,80.696253898017,2,180
"131",-60.875,-67.1875,80.5383746564746,10,180
"132",-60.875,-67.0625,73.2937388573164,15,179.972229003906
"133",-60.875,-66.9375,53.9369229210748,20,98.9166666666667
"134",-60.875,-66.6875,76.8194478352865,76.8194478352865,76.8194478352865
"135",-60.875,-66.5625,67.3366527061774,13,135.28125
"136",-60.875,-66.4375,49.7519978821733,7,130.28125
"137",-60.875,-66.3125,42.1182989403905,2,98.59375
"138",-60.875,-66.1875,32.2313552577746,4.9965279897054,106.642364501953
"139",-60.875,-63.5625,158.948785146078,129.256947835286,179.552083333333
"140",-60.875,-63.4375,144.832110103699,98.4826456705729,180
"141",-60.875,-63.3125,150.086687878595,86,179.520833333333
"142",-60.875,-63.1875,145.030368363776,85,179.444458007812
"143",-60.875,-63.0625,149.225888729095,114,179.861124674479
"144",-60.875,-62.9375,153.074796362398,121,178.798624674479
"145",-60.875,-62.8125,151.762736850315,122,179.798624674479
"146",-60.875,-62.6875,159.973091125488,129.892364501953,180
"147",-60.875,-62.4375,168.555560302734,162.975697835286,179.68056233724
"148",-60.875,-62.3125,160.662618001302,128,179.045145670573
"149",-60.875,-62.1875,172.51181233724,164,179.923624674479
"150",-60.875,-62.0625,164.59375,159,174.78125
"151",-60.625,-75.0625,78.1280115989267,8,179.996541341146
"152",-60.625,-74.9375,90.0433390499074,3,180
"153",-60.625,-74.8125,87.8568198732696,0,180
"154",-60.625,-74.6875,98.6684338209738,1,180
"155",-60.625,-74.5625,102.034104420983,3.9965279897054,179.982645670573
"156",-60.625,-74.4375,90.9931096161284,0,180
"157",-60.625,-74.3125,98.7066575962454,3,180
"158",-60.625,-74.1875,106.777731547706,12,180
"159",-60.625,-71.1875,101.911350114971,41.7847239176432,178.458333333333
"160",-60.625,-71.0625,125.420853828472,46.9722239176432,179.802083333333
"161",-60.625,-70.9375,114.761931305452,11,180
"162",-60.625,-70.8125,88.6864213142861,0,180
"163",-60.625,-70.6875,88.0710011365525,1,180
"164",-60.625,-70.5625,91.9966062006582,4,179.96875
"165",-60.625,-70.4375,69.6847818270442,0,179.982645670573
"166",-60.625,-70.3125,96.6153559944222,3,180
"167",-60.625,-70.1875,97.6253098842433,3,180
"168",-60.625,-70.0625,60.3701149333607,0,180
"169",-60.625,-69.9375,68.7821341293963,1,180
"170",-60.625,-69.8125,73.6282718997893,0,180
"171",-60.625,-69.6875,72.6452083467582,1,180
"172",-60.625,-69.5625,91.0750027897824,3,180
"173",-60.625,-69.4375,83.8767378639909,0,180
"174",-60.625,-69.3125,75.0217419503344,1,180
"175",-60.625,-69.1875,71.7329455560966,2,180
"176",-60.625,-69.0625,76.0242577453114,0,180
"177",-60.625,-68.9375,100.556144202197,5,180
"178",-60.625,-68.8125,64.2986301449563,0,180
"179",-60.625,-68.6875,41.2391817644405,1,180
"180",-60.625,-67.9375,118.299415430942,19,180
"181",-60.625,-67.8125,88.0305379203685,0,180
"182",-60.625,-67.6875,70.9650736217574,1,180
"183",-60.625,-67.5625,86.1697000707037,3,180
"184",-60.625,-67.4375,66.5443990196883,0,180
"185",-60.625,-67.3125,66.098649672748,1,180
"186",-60.625,-67.1875,60.2782030142334,1,180
"187",-60.625,-67.0625,56.6779967343151,0,180
"188",-60.625,-66.9375,54.98231200723,1,180
"189",-60.625,-66.8125,38.938902729794,0,180
"190",-60.625,-66.6875,52.5570873936921,1,174
"191",-60.625,-66.5625,49.0719021938106,1,175
"192",-60.625,-66.4375,37.0959461964793,0,180
"193",-60.625,-66.3125,47.5048824491955,1,180
"194",-60.625,-66.1875,34.0362257176692,1,180
"195",-60.625,-66.0625,21.6123124440511,0,171.826395670573
"196",-60.625,-65.9375,28.0912111357077,1,148.826395670573
"197",-60.625,-65.8125,53.7115831144394,3.83680566151937,179.041666666667
"198",-60.625,-63.9375,170.916674578631,167.34028116862,174.934041341146
"199",-60.625,-63.8125,176.934041341146,175.934041341146,177.934041341146
"200",-60.625,-63.6875,165.218173556858,137,172.08681233724
"201",-60.625,-63.5625,159.361697161639,103.829864501953,178.048624674479
"202",-60.625,-63.4375,151.242088161589,94.4826456705729,180
"203",-60.625,-63.3125,150.084204451243,90.8298645019531,179.55556233724
"204",-60.625,-63.1875,145.061953083546,82,180
"205",-60.625,-63.0625,139.376366569882,106,179.420145670573
"206",-60.625,-62.9375,128.883283566206,113.927083333333,165.173614501953
"207",-60.625,-62.8125,149.382124130335,103,179.958333333333
"208",-60.625,-62.6875,157.440476917085,136.444447835286,178
"209",-60.625,-62.4375,167.179237486824,155.982645670573,178.68056233724
"210",-60.625,-62.3125,168.07917175293,153.892364501953,177
"211",-60.625,-62.1875,165.595837402344,129,178
"212",-60.625,-62.0625,175.78125,175.78125,175.78125
"213",-60.375,-75.0625,72.8111976220028,3,179.826395670573
"214",-60.375,-74.9375,88.2436943022747,4,180
"215",-60.375,-74.8125,92.4506634875699,2,180
"216",-60.375,-74.6875,88.1382868683304,1,180
"217",-60.375,-74.5625,91.3096962266025,2,179.86806233724
"218",-60.375,-74.4375,81.8458179315365,1,180
"219",-60.375,-74.3125,85.4021968308315,2,180
"220",-60.375,-74.1875,93.2406337314182,4,180
"221",-60.375,-74.0625,106.204632014014,10,180
"222",-60.375,-73.9375,95.1841478219389,10,179.902791341146
"223",-60.375,-73.8125,83.3418999958814,8.73263931274414,176.895833333333
"224",-60.375,-72.0625,124.900409684513,11,179.222229003906
"225",-60.375,-71.9375,93.776483269148,10,179.659729003906
"226",-60.375,-71.8125,107.111643061562,19,179.909729003906
"227",-60.375,-71.6875,102.779984051433,8,177.947916666667
"228",-60.375,-71.5625,75.7893383931771,6,179.604166666667
"229",-60.375,-71.4375,64.3433711684753,8,169
"230",-60.375,-71.3125,73.2001276156603,2,180
"231",-60.375,-71.1875,84.2140131774156,4,180
"232",-60.375,-71.0625,94.1166320243497,16,180
"233",-60.375,-70.9375,111.172408365865,9,180
"234",-60.375,-70.8125,105.223263856257,1,180
"235",-60.375,-70.6875,81.0377417284736,3,180
"236",-60.375,-70.5625,91.2050250280139,6,180
"237",-60.375,-70.4375,96.1913341459169,1,180
"238",-60.375,-70.3125,100.165621629122,1,180
"239",-60.375,-70.1875,69.4987913611476,2,180
"240",-60.375,-70.0625,67.6478722418796,1,180
"241",-60.375,-69.9375,73.9210981449809,2,178
"242",-60.375,-69.8125,72.7999491524822,6,180
"243",-60.375,-69.6875,63.7548019586837,1,180
"244",-60.375,-69.5625,72.8775752261142,2,180
"245",-60.375,-69.4375,68.686279800587,4,179
"246",-60.375,-69.3125,84.1120429173105,1,180
"247",-60.375,-69.1875,84.4040424843932,4,180
"248",-60.375,-69.0625,65.3343554515725,1,180
"249",-60.375,-68.9375,72.5279178064089,1,180
"250",-60.375,-68.8125,98.1329636788895,1,180
"251",-60.375,-68.6875,88.6908603104122,1,180
"252",-60.375,-67.9375,120.268694843902,5,180
"253",-60.375,-67.8125,85.1601037899558,1,180
"254",-60.375,-67.6875,59.0946966289309,1,180
"255",-60.375,-67.5625,79.6868635166713,4,180
"256",-60.375,-67.4375,98.7591531354674,1,180
"257",-60.375,-67.3125,99.5146792065414,3,180
"258",-60.375,-67.1875,106.067456777448,2,180
"259",-60.375,-67.0625,81.2720976403878,2,180
"260",-60.375,-66.9375,72.9390932199385,2,180
"261",-60.375,-66.8125,75.7475025604527,1,180
"262",-60.375,-66.6875,74.7022127013753,3,180
"263",-60.375,-66.5625,88.3697573280228,2,180
"264",-60.375,-66.4375,100.340164100947,3,180
"265",-60.375,-66.3125,99.1985812266404,2,180
"266",-60.375,-66.1875,99.02976112941,2,180
"267",-60.375,-66.0625,85.8329771717081,1,180
"268",-60.375,-65.9375,55.0680637197292,1,180
"269",-60.375,-65.8125,84.4716807430301,4,180
"270",-60.375,-65.6875,127.631562275348,8,180
"271",-60.375,-65.5625,119.128362421904,6,180
"272",-60.375,-65.4375,98.309432735288,4,179.708333333333
"273",-60.375,-63.9375,128.631404399872,80.1597239176432,171.288208007812
"274",-60.375,-63.8125,140.346960018843,77.1666666666667,178.934041341146
"275",-60.375,-63.6875,134.553704833984,120,179.934041341146
"276",-60.375,-63.5625,127.888588504515,98.8298645019531,174.347229003906
"277",-60.375,-63.4375,138.438829623587,90.4826456705729,179
"278",-60.375,-63.3125,137.702552731832,91,180
"279",-60.375,-63.1875,144.627908431289,80,180
"280",-60.375,-63.0625,140.769327086452,78.8298645019531,180
"281",-60.375,-62.9375,145.640399460565,75,180
"282",-60.375,-62.8125,139.42497414483,69,178.43056233724
"283",-60.375,-62.6875,155.250870598687,123,180
"284",-60.375,-62.4375,167.4475346318,154,178
"285",-60.375,-62.3125,171.40426781064,153,180
"286",-60.375,-62.1875,165.442713419596,154.892364501953,175.99306233724
"287",-60.375,-62.0625,169.637023143279,148,179
"288",-60.375,-61.9375,161,161,161
"289",-60.125,-75.1875,41.3958358764648,37.5659739176432,45.2256978352865
"290",-60.125,-75.0625,54.5785019079752,0,180
"291",-60.125,-74.9375,84.3136546852734,5,180
"292",-60.125,-74.8125,84.4389690137619,0,180
"293",-60.125,-74.6875,85.5995153737364,1,180
"294",-60.125,-74.5625,80.231620889279,3,180
"295",-60.125,-74.4375,70.4545151050855,0,179.423624674479
"296",-60.125,-74.3125,74.2516057742627,1,180
"297",-60.125,-74.1875,61.9202743775707,3,180
"298",-60.125,-74.0625,68.4404111661858,0,180
"299",-60.125,-73.9375,68.0144272146471,1,180
"300",-60.125,-73.8125,60.6376929586828,0,180
"301",-60.125,-73.6875,93.5534585756826,1,180
"302",-60.125,-73.5625,71.4720412251139,4,179.1875
"303",-60.125,-72.1875,103.378755483343,13.9375,179.52431233724
"304",-60.125,-72.0625,52.4963644845678,0,180
"305",-60.125,-71.9375,59.7012496357482,5,180
"306",-60.125,-71.8125,62.8340789848528,0,180
"307",-60.125,-71.6875,61.5346173020296,1,180
"308",-60.125,-71.5625,58.2093715700329,3,180
"309",-60.125,-71.4375,56.3563002825303,0,180
"310",-60.125,-71.3125,54.9191505484685,1,180
"311",-60.125,-71.1875,63.098212917208,3,180
"312",-60.125,-71.0625,70.5856507474427,0,180
"313",-60.125,-70.9375,86.7775355591955,2,180
"314",-60.125,-70.8125,67.7584128771269,0,180
"315",-60.125,-70.6875,66.5816318058005,1,180
"316",-60.125,-70.5625,85.0965153388631,4,180
"317",-60.125,-70.4375,80.9111430372524,0,180
"318",-60.125,-70.3125,63.6935939486065,1,179.138895670573
"319",-60.125,-70.1875,68.5992898258721,3,180
"320",-60.125,-70.0625,73.678924073797,6,180
"321",-60.125,-69.9375,94.5840416535962,22,180
"322",-60.125,-69.8125,81.857493370584,14,180
"323",-60.125,-69.6875,65.0536940616909,3,180
"324",-60.125,-69.5625,70.8583775745739,4,180
"325",-60.125,-69.4375,92.0925788898289,5,180
"326",-60.125,-69.3125,104.243678952301,9,180
"327",-60.125,-69.1875,103.338616295332,11,180
"328",-60.125,-69.0625,97.5099105760817,7,180
"329",-60.125,-68.9375,67.8643877141808,2,180
"330",-60.125,-68.8125,66.7873788896177,0,179.96181233724
"331",-60.125,-68.6875,82.1825312131821,1,180
"332",-60.125,-68.5625,102.068770601549,4.9965279897054,180
"333",-60.125,-67.9375,127.563687096484,27.9861119588216,180
"334",-60.125,-67.8125,106.275671209914,0,180
"335",-60.125,-67.6875,70.8769148625979,1,180
"336",-60.125,-67.5625,62.8293066384937,2,180
"337",-60.125,-67.4375,63.1491589498536,0,180
"338",-60.125,-67.3125,75.9273144669415,1,180
"339",-60.125,-67.1875,103.847250284843,3,180
"340",-60.125,-67.0625,50.9959317161923,0,180
"341",-60.125,-66.9375,62.4183990257699,1,180
"342",-60.125,-66.8125,70.6556222587452,0,180
"343",-60.125,-66.6875,71.966276469716,1,180
"344",-60.125,-66.5625,97.3567144478587,2,180
"345",-60.125,-66.4375,107.581843838536,0,180
"346",-60.125,-66.3125,88.6658138087176,1,180
"347",-60.125,-66.1875,79.0165654178331,3,180
"348",-60.125,-66.0625,72.9739439410928,0,180
"349",-60.125,-65.9375,69.7491340985215,1,180
"350",-60.125,-65.8125,85.069962499089,0,180
"351",-60.125,-65.6875,99.7122685627322,1,180
"352",-60.125,-65.5625,91.6460613445211,2,180
"353",-60.125,-65.4375,54.0550601765652,0,180
"354",-60.125,-63.8125,139.236559594979,74.4861145019531,179.875
"355",-60.125,-63.6875,112.734167209201,80,179.621541341146
"356",-60.125,-63.5625,143.239389484917,69,180
"357",-60.125,-63.4375,143.41414093553,82.5694478352865,180
"358",-60.125,-63.3125,144.490677056626,83.5902811686198,180
"359",-60.125,-63.1875,143.015401831501,71,180
"360",-60.125,-63.0625,136.681976946662,74,180
"361",-60.125,-62.9375,136.595549464607,86.4236145019531,180
"362",-60.125,-62.8125,138.050697126292,67,178.791666666667
"363",-60.125,-62.6875,133.962374191876,66,177.395833333333
"364",-60.125,-62.5625,143.44792175293,143.440979003906,143.454864501953
"365",-60.125,-62.4375,156.861117045085,139.90278116862,166.68056233724
"366",-60.125,-62.3125,165.646995261863,150,179.631958007812
"367",-60.125,-62.1875,164.665000813802,149,177.631958007812
"368",-60.125,-62.0625,167.390527463427,130,179.99306233724
"369",-60.125,-61.9375,150.394532521566,131,179.395833333333
"370",-60.125,-61.8125,153.5,145,162
"371",-60.125,-61.5625,165,165,165
"372",-60.125,-61.4375,166,166,166
"373",-59.875,-75.1875,76.4300047597578,4,179.965291341146
"374",-59.875,-75.0625,59.3021495717649,1,180
"375",-59.875,-74.9375,80.1531449736569,2,180
"376",-59.875,-74.8125,85.1333532140276,2,180
"377",-59.875,-74.6875,81.8613150615879,1,180
"378",-59.875,-74.5625,75.4747888169992,4,180
"379",-59.875,-74.4375,66.4265715435353,1,180
"380",-59.875,-74.3125,68.9316603324113,2,180
"381",-59.875,-74.1875,82.8453986119675,4,180
"382",-59.875,-74.0625,87.888801109549,1,180
"383",-59.875,-73.9375,64.9556712454543,2,180
"384",-59.875,-73.8125,70.8065283477295,3,180
"385",-59.875,-73.6875,66.2108223312546,1,180
"386",-59.875,-73.5625,54.4307086406475,2,179.96181233724
"387",-59.875,-73.4375,112.111800786974,7,180
"388",-59.875,-73.3125,102.309770149497,13.9826393127441,180
"389",-59.875,-73.1875,93.5396198268816,17,179.923624674479
"390",-59.875,-73.0625,54.7539343485018,3,179.888895670573
"391",-59.875,-72.9375,80.7704170010726,7,180
"392",-59.875,-72.6875,85.1787281633757,10.9131952921549,178.597229003906
"393",-59.875,-72.5625,122.698289920122,51.8993072509766,179.59375
"394",-59.875,-72.1875,81.8692362805076,7,179.944458007812
"395",-59.875,-72.0625,62.1723648164242,1,180
"396",-59.875,-71.9375,53.1010192439905,2,180
"397",-59.875,-71.8125,52.4011505971842,6,180
"398",-59.875,-71.6875,55.5114671344546,2,180
"399",-59.875,-71.5625,57.5188590477089,3,177.46875
"400",-59.875,-71.4375,52.7516060185626,2,178.46875
"401",-59.875,-71.3125,52.0859331053287,1,177
"402",-59.875,-71.1875,52.9802213229983,3,179.197916666667
"403",-59.875,-71.0625,51.4112029476701,1,180
"404",-59.875,-70.9375,65.2578814372518,2,180
"405",-59.875,-70.8125,78.0190036245292,6,180
"406",-59.875,-70.6875,68.8774453111874,1,178
"407",-59.875,-70.5625,70.3724633404958,6,180
"408",-59.875,-70.4375,69.5324397145966,12,180
"409",-59.875,-70.3125,66.771814791578,1,180
"410",-59.875,-70.1875,65.0005971540191,13,180
"411",-59.875,-70.0625,83.0695856852704,19,180
"412",-59.875,-69.9375,103.837970540098,23,180
"413",-59.875,-69.8125,90.9677526866291,26,180
"414",-59.875,-69.6875,80.6867109818892,28,179
"415",-59.875,-69.5625,87.1714539872839,30,180
"416",-59.875,-69.4375,99.140716152358,34,180
"417",-59.875,-69.3125,112.559946580367,38,180
"418",-59.875,-69.1875,110.501728926765,17,180
"419",-59.875,-69.0625,104.100134471106,11,180
"420",-59.875,-68.9375,97.7260930167608,5,180
"421",-59.875,-68.8125,80.3450799199748,5,180
"422",-59.875,-68.6875,65.6731309983908,1,180
"423",-59.875,-68.5625,83.508378645579,2,180
"424",-59.875,-68.4375,98.2993804335492,3,180
"425",-59.875,-68.3125,103.026778399297,4,179.798624674479
"426",-59.875,-68.1875,105.443332850721,5,180
"427",-59.875,-68.0625,106.473375240125,8,179.99306233724
"428",-59.875,-67.9375,108.257390542312,11.9479166666667,179.628479003906
"429",-59.875,-67.8125,110.482827025154,3,180
"430",-59.875,-67.6875,89.7976977574813,2,180
"431",-59.875,-67.5625,77.8770273914577,4,180
"432",-59.875,-67.4375,69.6168693890425,1,180
"433",-59.875,-67.3125,77.1410875140071,2,180
"434",-59.875,-67.1875,81.1325872139287,4,180
"435",-59.875,-67.0625,76.2486527449601,1,180
"436",-59.875,-66.9375,66.4851547321455,2,180
"437",-59.875,-66.8125,89.1716302287017,1,180
"438",-59.875,-66.6875,78.3792236859526,1,180
"439",-59.875,-66.5625,97.3160581836354,11,180
"440",-59.875,-66.4375,114.249841489077,19,180
"441",-59.875,-66.3125,112.024348743772,5,180
"442",-59.875,-66.1875,77.4714191167042,7,180
"443",-59.875,-66.0625,90.5520132342996,1,180
"444",-59.875,-65.9375,72.5293202081085,2,180
"445",-59.875,-65.8125,83.7013577218262,1,180
"446",-59.875,-65.6875,80.2364994663528,1,180
"447",-59.875,-65.5625,96.0014383178657,3,180
"448",-59.875,-65.4375,93.564799772948,0.84375,180
"449",-59.875,-65.3125,129.095516005738,2,180
"450",-59.875,-63.8125,144.687216906554,50,179.315979003906
"451",-59.875,-63.6875,147.023785759421,57,180
"452",-59.875,-63.5625,137.045779785156,59,179.746541341146
"453",-59.875,-63.4375,146.933095859873,80.5694478352865,180
"454",-59.875,-63.3125,144.47196647679,76.5694478352865,180
"455",-59.875,-63.1875,130.935894377335,63,180
"456",-59.875,-63.0625,130.021802906885,62,180
"457",-59.875,-62.9375,127.185997687446,53,180
"458",-59.875,-62.8125,132.450610841656,57,179.791666666667
"459",-59.875,-62.6875,131.998215435541,62,180
"460",-59.875,-62.5625,135.027780840474,86.2291666666667,179.958333333333
"461",-59.875,-62.4375,146.423748701047,120.267364501953,165.68056233724
"462",-59.875,-62.3125,145.565644279359,90,180
"463",-59.875,-62.1875,154.824873606364,89,179.986124674479
"464",-59.875,-62.0625,148.138334554036,120,180
"465",-59.875,-61.9375,152.687350065812,105,180
"466",-59.875,-61.8125,152.0703125,136,177.78125
"467",-59.875,-61.6875,163,163,163
"468",-59.875,-61.5625,164,164,164
"469",-59.875,-61.4375,156,156,156
"470",-59.875,-61.3125,137.625,124,158
"471",-59.875,-61.1875,151.25,145,167
"472",-59.875,-59.4375,163,163,163
"473",-59.875,-59.3125,164,164,164
"474",-59.875,-59.0625,165,165,165
"475",-59.625,-75.1875,97.8842294969405,2,180
"476",-59.625,-75.0625,78.8280463531358,0,179.885416666667
"477",-59.625,-74.9375,74.6176754840075,2,179.979166666667
"478",-59.625,-74.8125,76.4389597124416,0,180
"479",-59.625,-74.6875,72.8253063224294,1,180
"480",-59.625,-74.5625,73.5558683698996,4,180
"481",-59.625,-74.4375,61.1162605784298,0,179.996541341146
"482",-59.625,-74.3125,65.7715499559854,1,180
"483",-59.625,-74.1875,76.7194201987707,4,180
"484",-59.625,-74.0625,72.0095056586284,0,180
"485",-59.625,-73.9375,85.3171690587169,1,180
"486",-59.625,-73.8125,90.2661412422764,0,180
"487",-59.625,-73.6875,85.617337398151,1,180
"488",-59.625,-73.5625,80.2514568397262,2,179.767374674479
"489",-59.625,-73.4375,94.44271627713,0,180
"490",-59.625,-73.3125,115.303419844923,1,180
"491",-59.625,-73.1875,87.6528291328122,3,180
"492",-59.625,-73.0625,49.3077343436978,0,180
"493",-59.625,-72.9375,73.7938127411736,2,180
"494",-59.625,-72.8125,74.8027705349859,0,180
"495",-59.625,-72.6875,61.0586570880922,0.798611164093018,180
"496",-59.625,-72.5625,77.8954279343287,6,180
"497",-59.625,-72.4375,33.9249847269544,0,178
"498",-59.625,-72.3125,35.777744648151,2,179.131958007812
"499",-59.625,-72.1875,62.8998636666633,4,180
"500",-59.625,-72.0625,49.1057706858281,0,180
"501",-59.625,-71.9375,51.3679309194108,2,180
"502",-59.625,-71.8125,56.1212913454839,0,180
"503",-59.625,-71.6875,48.2975173820517,1,180
"504",-59.625,-71.5625,47.139610614652,3,175.46875
"505",-59.625,-71.4375,34.6401209677419,0,174
"506",-59.625,-71.3125,36.9859119541889,2,180
"507",-59.625,-71.1875,45.0611439877305,4,180
"508",-59.625,-71.0625,45.3466462439534,0,180
"509",-59.625,-70.9375,56.5501844858994,2,180
"510",-59.625,-70.8125,61.7001159583708,4,180
"511",-59.625,-70.6875,62.4998160359177,6,179
"512",-59.625,-70.5625,69.3215399292694,10,180
"513",-59.625,-70.4375,62.6216827543842,8,179
"514",-59.625,-70.3125,59.1671493957783,9,180
"515",-59.625,-70.1875,63.2040170513465,12,180
"516",-59.625,-70.0625,91.5252001056563,18,180
"517",-59.625,-69.9375,109.126237623762,23,180
"518",-59.625,-69.8125,106.462438699304,27,180
"519",-59.625,-69.6875,101.618060818265,28,180
"520",-59.625,-69.5625,102.265394388092,31,180
"521",-59.625,-69.4375,114.225200795264,33,180
"522",-59.625,-69.3125,112.780655464625,37,180
"523",-59.625,-69.1875,112.012345679012,42,180
"524",-59.625,-69.0625,106.700392263907,13,180
"525",-59.625,-68.9375,102.885278342427,11,180
"526",-59.625,-68.8125,89.9564569646662,0,180
"527",-59.625,-68.6875,77.0247244793685,1,180
"528",-59.625,-68.5625,67.2037538347756,2,180
"529",-59.625,-68.4375,67.7794506555799,0,180
"530",-59.625,-68.3125,70.4933654596354,1,180
"531",-59.625,-68.1875,78.2793602367413,1,180
"532",-59.625,-68.0625,81.3807131005745,0,180
"533",-59.625,-67.9375,92.1400639002839,1,180
"534",-59.625,-67.8125,98.0636212158203,0,180
"535",-59.625,-67.6875,79.9709676398303,1,180
"536",-59.625,-67.5625,94.1514177751123,3,180
"537",-59.625,-67.4375,97.6550055898269,6,180
"538",-59.625,-67.3125,100.078136568388,6,180
"539",-59.625,-67.1875,98.156163762026,5,180
"540",-59.625,-67.0625,87.7851990925195,7,180
"541",-59.625,-66.9375,82.9791113715428,9,180
"542",-59.625,-66.8125,80.4110359220469,8,180
"543",-59.625,-66.6875,103.374354367494,14,180
"544",-59.625,-66.5625,116.113000835536,17,180
"545",-59.625,-66.4375,125.361771817166,20,180
"546",-59.625,-66.3125,121.015158417951,19,180
"547",-59.625,-66.1875,113.208153136903,17,180
"548",-59.625,-66.0625,119.403470021697,11,180
"549",-59.625,-65.9375,109.757802241865,5,180
"550",-59.625,-65.8125,93.2998026252159,6,180
"551",-59.625,-65.6875,99.075689032191,4,180
"552",-59.625,-65.5625,74.0744945917989,3,180
"553",-59.625,-65.4375,85.507372459129,0,180
"554",-59.625,-65.3125,93.0615268636284,1,180
"555",-59.625,-65.1875,106.570603805593,3.9513889948527,179.902791341146
"556",-59.625,-65.0625,113.60058816274,30,175.885416666667
"557",-59.625,-64.9375,86.7401408668902,8,180
"558",-59.625,-64.8125,100.434380486421,7,179.972229003906
"559",-59.625,-63.8125,147.806361716942,46,179.986124674479
"560",-59.625,-63.6875,144.851506611478,55,180
"561",-59.625,-63.5625,151.340981521949,46,180
"562",-59.625,-63.4375,145.744301091612,45,180
"563",-59.625,-63.3125,136.887882957197,62.8715311686198,180
"564",-59.625,-63.1875,119.488326220445,56,179.923624674479
"565",-59.625,-63.0625,127.13408572567,55,180
"566",-59.625,-62.9375,127.663267372572,47,180
"567",-59.625,-62.8125,126.372719644224,56,179.631958007812
"568",-59.625,-62.6875,131.913978522551,58,180
"569",-59.625,-62.5625,139.786040877465,65,180
"570",-59.625,-62.4375,138.930217594701,87,179
"571",-59.625,-62.3125,150.817959079495,94,180
"572",-59.625,-62.1875,134.503475363213,67,179.59375
"573",-59.625,-62.0625,137.207101553458,93,178.795145670573
"574",-59.625,-61.9375,155.360390133328,101.670145670573,179.940979003906
"575",-59.625,-61.8125,143.330558268229,102.670145670573,177.482645670573
"576",-59.625,-61.6875,163.390625,148,178.78125
"577",-59.625,-61.4375,145.75,123,155
"578",-59.625,-61.3125,151,127,176
"579",-59.625,-61.1875,155,132,178
"580",-59.625,-61.0625,155,149,161
"581",-59.625,-59.5625,162,162,162
"582",-59.625,-58.9375,166,166,166
"583",-59.375,-75.3125,94.5844110526291,12.9965286254883,179.3125
"584",-59.375,-75.1875,102.304221779103,2,179.746541341146
"585",-59.375,-75.0625,85.6559411244653,1,180
"586",-59.375,-74.9375,76.776022515925,2,179.947916666667
"587",-59.375,-74.8125,87.4197284410653,7,180
"588",-59.375,-74.6875,89.9472365554162,1,180
"589",-59.375,-74.5625,96.9178115466169,5,180
"590",-59.375,-74.4375,80.7833194483435,1,180
"591",-59.375,-74.3125,73.218136613087,2,180
"592",-59.375,-74.1875,75.6392081696463,3,180
"593",-59.375,-74.0625,72.140454852008,1,180
"594",-59.375,-73.9375,86.1505348520645,2,180
"595",-59.375,-73.8125,101.09609766156,3,180
"596",-59.375,-73.6875,89.9056069350739,1,180
"597",-59.375,-73.5625,80.7974943322473,2,180
"598",-59.375,-73.4375,90.3244830948127,1,180
"599",-59.375,-73.3125,97.0006827193285,1,180
"600",-59.375,-73.1875,82.5376404184214,2,180
"601",-59.375,-73.0625,75.6285006154849,1,180
"602",-59.375,-72.9375,68.6639845456859,1,180
"603",-59.375,-72.8125,74.5108829859854,2,180
"604",-59.375,-72.6875,64.8666994457347,2,180
"605",-59.375,-72.5625,70.5105858405579,2,180
"606",-59.375,-72.4375,68.4971390275695,1,180
"607",-59.375,-72.3125,68.262641733343,1,180
"608",-59.375,-72.1875,61.0450109887011,2,180
"609",-59.375,-72.0625,58.5944478256897,1,180
"610",-59.375,-71.9375,57.395505856935,2,180
"611",-59.375,-71.8125,64.375841144696,4,180
"612",-59.375,-71.6875,56.4834488425793,2,180
"613",-59.375,-71.5625,51.1288800192895,6,180
"614",-59.375,-71.4375,56.2135076252723,12,180
"615",-59.375,-71.3125,61.9153846153846,3,180
"616",-59.375,-71.1875,56.918410041841,5,180
"617",-59.375,-71.0625,48.5163297045101,1,172
"618",-59.375,-70.9375,54.815733504242,2,180
"619",-59.375,-70.8125,55.616394348331,3,180
"620",-59.375,-70.6875,54.6168211350667,4,180
"621",-59.375,-70.5625,57.856882546437,6,180
"622",-59.375,-70.4375,56.5121677576427,7,179
"623",-59.375,-70.3125,61.5451302914364,11,180
"624",-59.375,-70.1875,66.5747773375692,14,174
"625",-59.375,-70.0625,98.3829787234042,17,180
"626",-59.375,-69.9375,117.334426229508,25,180
"627",-59.375,-69.8125,119.024316109423,30,180
"628",-59.375,-69.6875,117.988668555241,31,180
"629",-59.375,-69.5625,116.986794796221,32,180
"630",-59.375,-69.4375,122.122207787682,38,180
"631",-59.375,-69.3125,128.52752293578,43,180
"632",-59.375,-69.1875,133.416794083124,43,179
"633",-59.375,-69.0625,121.041869900751,45,180
"634",-59.375,-68.9375,105.944690534136,19,180
"635",-59.375,-68.8125,98.2838788751279,22,180
"636",-59.375,-68.6875,76.3863336881945,1,180
"637",-59.375,-68.5625,66.5501791251293,2,180
"638",-59.375,-68.4375,67.425665363483,2,180
"639",-59.375,-68.3125,63.6396152940097,1,180
"640",-59.375,-68.1875,59.3312678967927,2,180
"641",-59.375,-68.0625,62.5758849105567,1,180
"642",-59.375,-67.9375,59.2821965995107,1,180
"643",-59.375,-67.8125,87.1260268297697,2,180
"644",-59.375,-67.6875,95.3631060140806,1,180
"645",-59.375,-67.5625,95.8734327965979,6,180
"646",-59.375,-67.4375,96.7822449154852,9,180
"647",-59.375,-67.3125,101.0045757751,10,180
"648",-59.375,-67.1875,103.245848677075,9,180
"649",-59.375,-67.0625,104.293810082475,10,180
"650",-59.375,-66.9375,104.112216137771,11,180
"651",-59.375,-66.8125,104.6057157035,14,180
"652",-59.375,-66.6875,110.182576204661,14,180
"653",-59.375,-66.5625,110.910738955476,18,180
"654",-59.375,-66.4375,117.017267115463,21,180
"655",-59.375,-66.3125,123.442881000379,21,180
"656",-59.375,-66.1875,125.241133273972,30,180
"657",-59.375,-66.0625,125.237608562211,21,180
"658",-59.375,-65.9375,129.042667276085,8,180
"659",-59.375,-65.8125,124.262128460478,9,180
"660",-59.375,-65.6875,84.1941678273884,11,180
"661",-59.375,-65.5625,86.0855077848465,3,180
"662",-59.375,-65.4375,65.1035614476502,1,180
"663",-59.375,-65.3125,77.4231841683266,1,180
"664",-59.375,-65.1875,94.7542724162949,2.9513889948527,179.99306233724
"665",-59.375,-65.0625,81.9869200398829,1,180
"666",-59.375,-64.9375,79.904885763394,2,180
"667",-59.375,-64.8125,73.7510123617626,1,180
"668",-59.375,-64.6875,84.397336344401,6,179.902791341146
"669",-59.375,-63.8125,159.052815262989,79.7569478352865,180
"670",-59.375,-63.6875,139.344894624092,44,179.871541341146
"671",-59.375,-63.5625,137.81869184235,57,179.850708007812
"672",-59.375,-63.4375,120.636665917839,57,180
"673",-59.375,-63.3125,117.898263731203,43,179.576395670573
"674",-59.375,-63.1875,117.144137866114,52.7048645019531,179.822916666667
"675",-59.375,-63.0625,121.199673138035,52,179.975708007812
"676",-59.375,-62.9375,114.126281186759,45,179.86806233724
"677",-59.375,-62.8125,120.391305849766,47.8159739176432,180
"678",-59.375,-62.6875,121.029523728908,50.8159739176432,180
"679",-59.375,-62.5625,128.364813580826,60,180
"680",-59.375,-62.4375,134.500912222075,64,179.402791341146
"681",-59.375,-62.3125,131.428146201686,65,180
"682",-59.375,-62.1875,105.078306117734,66,179.142374674479
"683",-59.375,-62.0625,136.985891034526,77,179.288208007812
"684",-59.375,-61.9375,148.656656222873,100.670145670573,180
"685",-59.375,-61.8125,145.864977182832,103.326395670573,180
"686",-59.375,-61.6875,139.567461286272,104.326395670573,159
"687",-59.375,-61.5625,162.927083333333,150,179.78125
"688",-59.375,-61.4375,122,122,122
"689",-59.375,-61.3125,165.083333333333,121,179
"690",-59.375,-61.1875,155.545454545455,134,180
"691",-59.375,-61.0625,157,151,163
"692",-59.375,-60.9375,173.5,164,179
"693",-59.375,-59.5625,157.92014058431,152.84028116862,164
"694",-59.375,-59.4375,160.42014058431,154.84028116862,166
"695",-59.375,-59.3125,161.92014058431,156.84028116862,167
"696",-59.375,-59.1875,164.613427056207,157.84028116862,168
"697",-59.375,-59.0625,175,175,175
"698",-59.375,-58.9375,167.42014058431,158.84028116862,176
"699",-59.375,-58.8125,162.226854112413,159.84028116862,167
"700",-59.125,-75.3125,91.9737848824776,9,179.875
"701",-59.125,-75.1875,94.7663623095663,2,180
"702",-59.125,-75.0625,71.6304173802983,0,180
"703",-59.125,-74.9375,84.2657962541392,3,180
"704",-59.125,-74.8125,91.3514827842056,9,180
"705",-59.125,-74.6875,104.862941026547,6,180
"706",-59.125,-74.5625,109.281251736125,6,180
"707",-59.125,-74.4375,100.60697353918,3,179.979166666667
"708",-59.125,-74.3125,76.976724436177,4,180
"709",-59.125,-74.1875,75.0096537888781,4,180
"710",-59.125,-74.0625,61.6168083108549,4,180
"711",-59.125,-73.9375,66.3981768868186,4,180
"712",-59.125,-73.8125,75.9093197691674,0,180
"713",-59.125,-73.6875,74.2035217104311,1,180
"714",-59.125,-73.5625,79.8356198563535,2,180
"715",-59.125,-73.4375,75.8843228536045,0,180
"716",-59.125,-73.3125,81.48502981435,1,180
"717",-59.125,-73.1875,82.1624268157936,2,180
"718",-59.125,-73.0625,56.9156987682193,0,180
"719",-59.125,-72.9375,64.8638624249698,1,178
"720",-59.125,-72.8125,64.6640210825602,0,180
"721",-59.125,-72.6875,69.3580319730615,1,178.885416666667
"722",-59.125,-72.5625,74.1721541738523,2,180
"723",-59.125,-72.4375,65.2218942680056,0,180
"724",-59.125,-72.3125,49.7737454523731,1,180
"725",-59.125,-72.1875,61.4517980544087,3,180
"726",-59.125,-72.0625,55.9438317584724,0,180
"727",-59.125,-71.9375,59.0257663845423,2,179
"728",-59.125,-71.8125,56.0175582720719,4,179
"729",-59.125,-71.6875,56.6950037196682,7,180
"730",-59.125,-71.5625,51.7087602459016,9,179
"731",-59.125,-71.4375,58.7622377622378,10,180
"732",-59.125,-71.3125,57.7242268041237,12,175
"733",-59.125,-71.1875,65.0533333333333,14,180
"734",-59.125,-71.0625,76.9589743589744,10,180
"735",-59.125,-70.9375,63.5109360139266,3,180
"736",-59.125,-70.8125,53.2432604464341,3,180
"737",-59.125,-70.6875,50.3611204370584,5,180
"738",-59.125,-70.5625,53.8836154236141,6,180
"739",-59.125,-70.4375,62.9806505512987,9,180
"740",-59.125,-70.3125,85.0550458715596,13,179
"741",-59.125,-70.1875,102.551526717557,15,180
"742",-59.125,-70.0625,113.153439153439,23,179
"743",-59.125,-69.9375,114.348416289593,36,178
"744",-59.125,-69.8125,100.288268970308,39,180
"745",-59.125,-69.6875,110.927835051546,43,179
"746",-59.125,-69.5625,118.714876033058,38,180
"747",-59.125,-69.4375,126.726086956522,39,180
"748",-59.125,-69.3125,130.311015898338,51,180
"749",-59.125,-69.1875,124.808988764045,52,178
"750",-59.125,-69.0625,127.632352941176,55,180
"751",-59.125,-68.9375,126.979591836735,50,178
"752",-59.125,-68.8125,119.409523809524,27,180
"753",-59.125,-68.6875,102.014084507042,5,175
"754",-59.125,-68.5625,82.8138138138138,5,180
"755",-59.125,-68.4375,53.5833333333333,0,180
"756",-59.125,-68.3125,52.4468145093483,1,180
"757",-59.125,-68.1875,60.5109850194957,2,177
"758",-59.125,-68.0625,46.6455630081604,0,180
"759",-59.125,-67.9375,65.1735984698141,2,180
"760",-59.125,-67.8125,63.7194218749849,3,180
"761",-59.125,-67.6875,75.4966420387024,4,180
"762",-59.125,-67.5625,73.9072433699909,6,180
"763",-59.125,-67.4375,72.4742060259899,8,180
"764",-59.125,-67.3125,75.8291679462723,10,180
"765",-59.125,-67.1875,85.4790494924765,12,180
"766",-59.125,-67.0625,93.5709719712365,11,180
"767",-59.125,-66.9375,83.2475462202178,12,180
"768",-59.125,-66.8125,81.5120545223964,13,180
"769",-59.125,-66.6875,92.1580378040464,14,180
"770",-59.125,-66.5625,95.6454546690344,17,180
"771",-59.125,-66.4375,99.7801253346208,23,180
"772",-59.125,-66.3125,108.169215494095,22,180
"773",-59.125,-66.1875,111.414725187845,29,180
"774",-59.125,-66.0625,115.648360013197,33,180
"775",-59.125,-65.9375,118.231584504959,13,180
"776",-59.125,-65.8125,125.365029770249,14,180
"777",-59.125,-65.6875,109.422494597595,8,180
"778",-59.125,-65.5625,97.991781146457,4,180
"779",-59.125,-65.4375,101.421403227188,0,180
"780",-59.125,-65.3125,104.507930982486,1,180
"781",-59.125,-65.1875,76.9802792686736,1,180
"782",-59.125,-65.0625,63.3454842312759,0,180
"783",-59.125,-64.9375,69.7305930840849,2,180
"784",-59.125,-64.8125,45.5742841604102,0,180
"785",-59.125,-64.6875,49.25222737229,1,180
"786",-59.125,-63.6875,135.09149731302,43,179.625
"787",-59.125,-63.5625,135.706619219851,42,180
"788",-59.125,-63.4375,131.904911997829,54,180
"789",-59.125,-63.3125,117.339934123311,32,179.795145670573
"790",-59.125,-63.1875,113.745457420436,29,180
"791",-59.125,-63.0625,117.282897137759,38,180
"792",-59.125,-62.9375,115.029828999993,41.8402786254883,180
"793",-59.125,-62.8125,112.477448388728,44,180
"794",-59.125,-62.6875,118.829327692588,36,180
"795",-59.125,-62.5625,119.676423734654,37,179.982645670573
"796",-59.125,-62.4375,126.976441473023,60,179.986124674479
"797",-59.125,-62.3125,132.090280316471,66.2916666666667,180
"798",-59.125,-62.1875,129.611993073411,74,180
"799",-59.125,-62.0625,150.360081365931,87,180
"800",-59.125,-61.9375,156.759550165247,97.3263956705729,180
"801",-59.125,-61.8125,137.282695184486,97,179.975708007812
"802",-59.125,-61.6875,136.933046161004,81,178.652791341146
"803",-59.125,-61.5625,173.90625,173.90625,173.90625
"804",-59.125,-61.4375,149.5,139,160
"805",-59.125,-61.3125,159.833333333333,120,180
"806",-59.125,-61.1875,162,155,169
"807",-59.125,-61.0625,153.5,153,154
"808",-59.125,-60.9375,170.5,166,180
"809",-59.125,-59.6875,159.5,159,160
"810",-59.125,-59.5625,156.684722900391,150.84028116862,167.59028116862
"811",-59.125,-59.3125,167.527085367839,161,176.045145670573
"812",-59.125,-59.1875,173,172,174
"813",-59.125,-59.0625,171.878475613064,169,177.045145670573
"814",-59.125,-58.9375,171.5,170,173
"815",-59.125,-58.8125,170.59028116862,170.59028116862,170.59028116862
"816",-59.125,-58.6875,172.5,168,177
"817",-59.125,-58.5625,160.84028116862,160.84028116862,160.84028116862
"818",-59.125,-58.3125,161.84028116862,161.84028116862,161.84028116862
"819",-58.875,-75.4375,161.145833333333,161.145833333333,161.145833333333
"820",-58.875,-75.3125,90.5300794822093,3.76041666666667,179.979166666667
"821",-58.875,-75.1875,88.6183436189046,2,180
"822",-58.875,-75.0625,77.9605990277372,1,180
"823",-58.875,-74.9375,88.9060278237774,4,180
"824",-58.875,-74.8125,90.5970282760084,8,180
"825",-58.875,-74.6875,102.360018753039,14,179.96181233724
"826",-58.875,-74.5625,110.248607840589,9,179.770833333333
"827",-58.875,-74.4375,108.189552384821,10,179.99306233724
"828",-58.875,-74.3125,88.1596238284101,9,180
"829",-58.875,-74.1875,73.5620913853721,8,180
"830",-58.875,-74.0625,65.0526660568362,9,180
"831",-58.875,-73.9375,68.9991114389329,9,180
"832",-58.875,-73.8125,76.1154177500587,1,169
"833",-58.875,-73.6875,75.8425489590897,1,180
"834",-58.875,-73.5625,72.8327325430721,3,158.236114501953
"835",-58.875,-73.4375,74.0399852284525,1,180
"836",-58.875,-73.3125,72.8331645092066,1,179
"837",-58.875,-73.1875,74.7317584283275,2,180
"838",-58.875,-73.0625,83.1391237026896,1,180
"839",-58.875,-72.9375,88.2699723448862,2,180
"840",-58.875,-72.8125,78.958045296047,4,180
"841",-58.875,-72.6875,75.2814584564744,1,180
"842",-58.875,-72.5625,78.7427125996517,2,180
"843",-58.875,-72.4375,80.1144094274247,1,180
"844",-58.875,-72.3125,78.106345331433,1,180
"845",-58.875,-72.1875,67.0285147207755,3,180
"846",-58.875,-72.0625,63.7872393639981,1,180
"847",-58.875,-71.9375,63.2376833315249,2,180
"848",-58.875,-71.8125,55.0603625110744,4,180
"849",-58.875,-71.6875,50.6885727292015,7,179
"850",-58.875,-71.5625,62.461114717495,8,180
"851",-58.875,-71.4375,81.78125,10,180
"852",-58.875,-71.3125,82.466307277628,13,176
"853",-58.875,-71.1875,74.4360655737705,17,179
"854",-58.875,-71.0625,91.7837078651685,20,180
"855",-58.875,-70.9375,85.820652173913,4,180
"856",-58.875,-70.8125,79.9715630285124,5,178
"857",-58.875,-70.6875,78.0501270939187,6,180
"858",-58.875,-70.5625,66.8749658243214,8,179
"859",-58.875,-70.4375,82.6987012987013,11,176
"860",-58.875,-70.3125,105.088036117381,16,180
"861",-58.875,-70.1875,116.824817518248,21,180
"862",-58.875,-70.0625,116.43702768812,34,180
"863",-58.875,-69.9375,110.085720698039,57,174
"864",-58.875,-69.8125,127.641782664289,62,176
"865",-58.875,-69.6875,116.796522352431,46,171
"866",-58.875,-69.5625,123.97056168266,47,180
"867",-58.875,-69.4375,125.318936562474,57,174
"868",-58.875,-69.3125,126.364864864865,59,175
"869",-58.875,-69.1875,123.092592592593,70,180
"870",-58.875,-69.0625,121.054054054054,90,172
"871",-58.875,-68.9375,114.243243243243,82,173
"872",-58.875,-68.8125,112.755555555556,64,137
"873",-58.875,-68.6875,114.663366336634,10,159
"874",-58.875,-68.5625,117.542682926829,17,177
"875",-58.875,-68.4375,92.0471014492754,1,179
"876",-58.875,-68.3125,67.0573913043478,2,180
"877",-58.875,-68.1875,66.4323571882908,4,180
"878",-58.875,-68.0625,61.5995370572206,2,180
"879",-58.875,-67.9375,55.1643989240419,2,180
"880",-58.875,-67.8125,65.0897799506525,5,180
"881",-58.875,-67.6875,68.6616656317227,6,180
"882",-58.875,-67.5625,66.2540189364791,8,179
"883",-58.875,-67.4375,65.3362251063188,9,180
"884",-58.875,-67.3125,64.2369950890573,12,180
"885",-58.875,-67.1875,68.1154819249673,13,180
"886",-58.875,-67.0625,71.1323481263598,13,180
"887",-58.875,-66.9375,68.311806710761,15,180
"888",-58.875,-66.8125,67.4632192596752,17,180
"889",-58.875,-66.6875,71.2474883228234,18,180
"890",-58.875,-66.5625,81.4697429572211,18,180
"891",-58.875,-66.4375,89.2875921439581,20,180
"892",-58.875,-66.3125,95.3123753164446,27,180
"893",-58.875,-66.1875,103.129854650707,29,180
"894",-58.875,-66.0625,103.473112618201,34,180
"895",-58.875,-65.9375,116.799515396214,18,180
"896",-58.875,-65.8125,126.480643991268,35,180
"897",-58.875,-65.6875,113.679643477152,15,180
"898",-58.875,-65.5625,105.367352931583,4,180
"899",-58.875,-65.4375,98.3556501930835,1,180
"900",-58.875,-65.3125,78.2231279754639,1,180
"901",-58.875,-65.1875,69.3681423965967,1,180
"902",-58.875,-65.0625,57.6661775245972,1,180
"903",-58.875,-64.9375,74.0780536008106,3,180
"904",-58.875,-64.8125,67.6158204627593,1,180
"905",-58.875,-64.6875,57.3806315784836,1,179.138895670573
"906",-58.875,-64.5625,67.6161991669251,2.91666666666667,179.11806233724
"907",-58.875,-64.4375,83.7467614067925,22,149.666666666667
"908",-58.875,-64.1875,168.910508219401,155.722229003906,179.277791341146
"909",-58.875,-63.6875,139.053000109935,78.6215311686198,178.645833333333
"910",-58.875,-63.5625,133.822079250838,60,179.819458007812
"911",-58.875,-63.4375,131.671246845004,39,180
"912",-58.875,-63.3125,117.239196789518,35,180
"913",-58.875,-63.1875,117.279956691173,31,180
"914",-58.875,-63.0625,111.010821665116,25,180
"915",-58.875,-62.9375,111.148399059727,23,180
"916",-58.875,-62.8125,100.029187915066,22,180
"917",-58.875,-62.6875,105.865597141999,33,179.892374674479
"918",-58.875,-62.5625,116.010448193938,34,179.86806233724
"919",-58.875,-62.4375,126.630774103288,38,179.822916666667
"920",-58.875,-62.3125,123.485847845705,39,179.260416666667
"921",-58.875,-62.1875,137.637908554077,73.2916666666667,179.89931233724
"922",-58.875,-62.0625,148.076939194291,78.6631978352865,179.881958007812
"923",-58.875,-61.9375,149.019824574295,96.3263956705729,180
"924",-58.875,-61.8125,132.877189113669,92,173.260416666667
"925",-58.875,-61.6875,125.789329269305,65,176
"926",-58.875,-61.5625,124.628588528103,66,179.482645670573
"927",-58.875,-61.4375,131.78125,87,174.90625
"928",-58.875,-61.3125,119,119,119
"929",-58.875,-61.1875,129.5,118,141
"930",-58.875,-59.8125,166.59028116862,166.59028116862,166.59028116862
"931",-58.875,-59.6875,153.666666666667,149,158
"932",-58.875,-59.5625,154.706791630498,146.84028116862,170
"933",-58.875,-59.4375,170.681715223524,160,177
"934",-58.875,-59.3125,173.378473917643,168.756947835286,178
"935",-58.875,-59.1875,172.751389567057,162,180
"936",-58.875,-59.0625,166.878479003906,163,170.756958007812
"937",-58.875,-58.9375,178.045145670573,178.045145670573,178.045145670573
"938",-58.875,-58.8125,172.5,171,174
"939",-58.875,-58.6875,173.5,169,178
"940",-58.875,-58.5625,171.590291341146,171.590291341146,171.590291341146
"941",-58.625,-75.4375,51.5627034220736,0,179.954874674479
"942",-58.625,-75.3125,96.9066162530677,1.7951389948527,179.996541341146
"943",-58.625,-75.1875,88.2810268198124,2,180
"944",-58.625,-75.0625,78.9761985010163,0,180
"945",-58.625,-74.9375,81.8193941764297,3,180
"946",-58.625,-74.8125,89.3044479196348,7,180
"947",-58.625,-74.6875,97.7641678353474,14,180
"948",-58.625,-74.5625,96.9855798755845,18,180
"949",-58.625,-74.4375,106.877409095813,28,180
"950",-58.625,-74.3125,89.4863936445645,28,180
"951",-58.625,-74.1875,82.0297526346081,18,180
"952",-58.625,-74.0625,78.1339536112814,18,179.184041341146
"953",-58.625,-73.9375,88.2952906968037,32,156
"954",-58.625,-73.8125,98.2490295871379,13,173
"955",-58.625,-73.6875,107.808985439203,4,175
"956",-58.625,-73.5625,101.217626883314,4,170.416666666667
"957",-58.625,-73.4375,87.98146046557,4,173.416666666667
"958",-58.625,-73.3125,75.6046044226837,3,160
"959",-58.625,-73.1875,70.3838536261339,3,173.71181233724
"960",-58.625,-73.0625,81.6161107301889,4,180
"961",-58.625,-72.9375,79.0373091373475,3,175
"962",-58.625,-72.8125,74.0192095343746,0,180
"963",-58.625,-72.6875,66.1707825403615,1,178.916666666667
"964",-58.625,-72.5625,78.5732190517034,2,180
"965",-58.625,-72.4375,58.3161363622644,0,180
"966",-58.625,-72.3125,59.1262519601598,1,180
"967",-58.625,-72.1875,55.5185593349833,3,180
"968",-58.625,-72.0625,70.1704941308922,6,178
"969",-58.625,-71.9375,78.789246684373,4,180
"970",-58.625,-71.8125,77.2956730769231,4,178
"971",-58.625,-71.6875,75.0925925925926,6,180
"972",-58.625,-71.5625,83.5820433436533,8,180
"973",-58.625,-71.4375,91.5894308943089,11,180
"974",-58.625,-71.3125,86.9160305343512,17,180
"975",-58.625,-71.1875,87.3880597014925,16,180
"976",-58.625,-71.0625,91.0031746031746,20,180
"977",-58.625,-70.9375,96.6229508196721,30,168
"978",-58.625,-70.8125,85.5426356589147,7,174
"979",-58.625,-70.6875,83.9854331232857,8,179
"980",-58.625,-70.5625,80.6157517899761,10,180
"981",-58.625,-70.4375,92.9013157894737,14,180
"982",-58.625,-70.3125,107.20399113082,17,180
"983",-58.625,-70.1875,116.319331138,33,179
"984",-58.625,-70.0625,118.99610700511,53,178
"985",-58.625,-69.9375,127.113636363636,94,160
"986",-58.625,-69.8125,133.2,119,147
"987",-58.625,-69.6875,134,50,160
"988",-58.625,-69.5625,124.720588235294,52,165
"989",-58.625,-69.4375,125.402777777778,52,171
"990",-58.625,-69.3125,133.035714285714,54,172
"991",-58.625,-69.1875,95.3333333333333,58,180
"992",-58.625,-69.0625,92.25,68,113
"993",-58.625,-68.9375,93.75,78,116
"994",-58.625,-68.8125,109.264705882353,91,130
"995",-58.625,-68.6875,120.301587301587,67,164
"996",-58.625,-68.5625,112.909090909091,66,180
"997",-58.625,-68.4375,119.84375,17,180
"998",-58.625,-68.3125,115.75,18,174
"999",-58.625,-68.1875,97.1876742002557,8,180
"1000",-58.625,-68.0625,90.8276699029126,10,180
"1001",-58.625,-67.9375,70.8875912408759,7,177
"1002",-58.625,-67.8125,60.7032649840776,7,180
"1003",-58.625,-67.6875,58.2328863857011,9,180
"1004",-58.625,-67.5625,59.6092005815833,11,180
"1005",-58.625,-67.4375,59.2374026666112,13,179
"1006",-58.625,-67.3125,54.5343273420479,16,178
"1007",-58.625,-67.1875,55.9437687751839,18,180
"1008",-58.625,-67.0625,61.5610470600041,17,180
"1009",-58.625,-66.9375,64.6183329164156,17,180
"1010",-58.625,-66.8125,72.4030230974203,18,180
"1011",-58.625,-66.6875,66.5092087649433,20,180
"1012",-58.625,-66.5625,75.0687113645386,20,180
"1013",-58.625,-66.4375,88.1852905581696,22,180
"1014",-58.625,-66.3125,90.9296267290652,28,180
"1015",-58.625,-66.1875,103.410025911272,35,180
"1016",-58.625,-66.0625,111.343422244546,35,180
"1017",-58.625,-65.9375,119.582524080694,29,180
"1018",-58.625,-65.8125,124.238872469912,21,180
"1019",-58.625,-65.6875,115.085612575359,15,180
"1020",-58.625,-65.5625,119.160500046794,5,180
"1021",-58.625,-65.4375,110.250053186667,4,180
"1022",-58.625,-65.3125,86.0397778734749,4,180
"1023",-58.625,-65.1875,82.5775596672243,4,180
"1024",-58.625,-65.0625,69.5371148133473,7,180
"1025",-58.625,-64.9375,83.5617354647234,4,180
"1026",-58.625,-64.8125,47.6832931910545,0,180
"1027",-58.625,-64.6875,58.0925745082817,1,180
"1028",-58.625,-64.5625,63.5294229039833,1.92361116409302,180
"1029",-58.625,-64.4375,78.0380491580603,1.91666666666667,180
"1030",-58.625,-64.1875,161.141301081731,136.670145670573,179.638895670573
"1031",-58.625,-64.0625,149.562891359682,127.670145670573,171.100708007812
"1032",-58.625,-63.9375,117.705654722272,107.440979003906,127.833333333333
"1033",-58.625,-63.4375,132.192645334083,60.4930572509766,179.84375
"1034",-58.625,-63.3125,129.246684355874,50,179.763895670573
"1035",-58.625,-63.1875,120.646608567536,43,180
"1036",-58.625,-63.0625,110.497882028047,27,180
"1037",-58.625,-62.9375,104.326668356033,18,180
"1038",-58.625,-62.8125,84.8191929115598,18,179
"1039",-58.625,-62.6875,103.147034828198,12,180
"1040",-58.625,-62.5625,112.085113525391,14,180
"1041",-58.625,-62.4375,125.874481291998,23,180
"1042",-58.625,-62.3125,126.670131624887,31,180
"1043",-58.625,-62.1875,124.108347664892,42,179.375
"1044",-58.625,-61.9375,145.309495517186,84.3263905843099,179.829874674479
"1045",-58.625,-61.8125,140.038952515857,60,180
"1046",-58.625,-61.6875,121.678350459146,58,179.652791341146
"1047",-58.625,-61.5625,113.460832949038,43,179.819458007812
"1048",-58.625,-61.4375,103.670876242898,51.9652811686198,164
"1049",-58.625,-61.3125,127.638889312744,90.2986145019531,177.90625
"1050",-58.625,-61.1875,143.96875,117,176.90625
"1051",-58.625,-59.8125,148,148,148
"1052",-58.625,-59.6875,158,152,169
"1053",-58.625,-59.5625,165.891929626465,144.84028116862,179.364583333333
"1054",-58.625,-59.4375,143.34028116862,142.84028116862,143.84028116862
"1055",-58.625,-59.3125,167.423614501953,166.756947835286,167.756947835286
"1056",-58.625,-59.1875,162,158,172
"1057",-58.625,-59.0625,139.939239501953,105,171.756958007812
"1058",-58.625,-58.9375,144,124,164
"1059",-58.625,-58.8125,156.166666666667,106,180
"1060",-58.625,-58.6875,156.75,107,179
"1061",-58.625,-58.5625,117,108,126
"1062",-58.625,-58.4375,118,109,127
"1063",-58.625,-58.1875,162.84028116862,162.84028116862,162.84028116862
"1064",-58.375,-75.4375,58.5505700013858,0.875,180
"1065",-58.375,-75.3125,85.1776791640294,1,180
"1066",-58.375,-75.1875,86.4058806171118,2,179.916666666667
"1067",-58.375,-75.0625,81.9923507033144,1,180
"1068",-58.375,-74.9375,90.4057818074044,2,180
"1069",-58.375,-74.8125,94.2406502568073,6,180
"1070",-58.375,-74.6875,80.8792664602901,12,180
"1071",-58.375,-74.5625,91.2751806654852,18,180
"1072",-58.375,-74.4375,112.555255085433,28,180
"1073",-58.375,-74.3125,104.866598549129,39,179.847229003906
"1074",-58.375,-74.1875,94.6972588100724,21,179.895833333333
"1075",-58.375,-74.0625,82.1188684094399,24,156
"1076",-58.375,-73.9375,96.0010781759744,35,180
"1077",-58.375,-73.8125,105.629897282841,43,172
"1078",-58.375,-73.6875,109.987482466582,55,164.416666666667
"1079",-58.375,-73.5625,116.454814814815,8,153
"1080",-58.375,-73.4375,97.4335798485421,7,163
"1081",-58.375,-73.3125,97.1022030870928,4,178
"1082",-58.375,-73.1875,83.0440104926047,5,180
"1083",-58.375,-73.0625,80.1219068319045,5,180
"1084",-58.375,-72.9375,65.9976037867832,5,179.135416666667
"1085",-58.375,-72.8125,68.7961165048544,1,173
"1086",-58.375,-72.6875,60.1284402796583,1,178
"1087",-58.375,-72.5625,71.9948767406453,2,180
"1088",-58.375,-72.4375,82.1350752482482,2,180
"1089",-58.375,-72.3125,64.8272787223011,1,180
"1090",-58.375,-72.1875,58.9054766536308,4,180
"1091",-58.375,-72.0625,80.4497936726272,7,180
"1092",-58.375,-71.9375,87.00150887747,14,175
"1093",-58.375,-71.8125,91.2338308457712,8,180
"1094",-58.375,-71.6875,86.2285714285714,7,178
"1095",-58.375,-71.5625,89.1280487804878,9,179
"1096",-58.375,-71.4375,100.745562130178,13,178
"1097",-58.375,-71.3125,89.1700680272109,20,167
"1098",-58.375,-71.1875,95.8527607361963,22,180
"1099",-58.375,-71.0625,98.9815950920245,25,168
"1100",-58.375,-70.9375,118.244186046512,27,175
"1101",-58.375,-70.8125,100.363354037267,22,179
"1102",-58.375,-70.6875,90.1275415896488,10,177
"1103",-58.375,-70.5625,101.111206493502,12,180
"1104",-58.375,-70.4375,107.728944534374,15,177
"1105",-58.375,-70.3125,111.402234972988,30,176
"1106",-58.375,-70.1875,113.274445193497,32,178
"1107",-58.375,-70.0625,124.3,52,167
"1108",-58.375,-69.9375,123.333333333333,103,153
"1109",-58.375,-69.6875,137.416666666667,134,141
"1110",-58.375,-69.5625,151.625,140,167
"1111",-58.375,-69.4375,152.4,145,169
"1112",-58.375,-69.3125,78.6666666666667,57,90
"1113",-58.375,-69.1875,91.7,62,99
"1114",-58.375,-68.8125,115.428571428571,111,119
"1115",-58.375,-68.6875,125.5,125,126
"1116",-58.375,-68.5625,113.176470588235,86,129
"1117",-58.375,-68.4375,104.8,91,165
"1118",-58.375,-68.3125,121,86,166
"1119",-58.375,-68.1875,96.5714285714286,19,175
"1120",-58.375,-68.0625,91.2972972972973,15,157
"1121",-58.375,-67.9375,92.2510460251046,14,172
"1122",-58.375,-67.8125,92.948,13,175
"1123",-58.375,-67.6875,78.3676975945017,14,179
"1124",-58.375,-67.5625,75.5937948994253,18,175
"1125",-58.375,-67.4375,58.8564593301435,14,173
"1126",-58.375,-67.3125,62.3899082568807,20,141
"1127",-58.375,-67.1875,61.5847176079734,22,153
"1128",-58.375,-67.0625,66.0686638804985,23,161
"1129",-58.375,-66.9375,72.7576835365674,20,180
"1130",-58.375,-66.8125,77.8040058663221,20,175
"1131",-58.375,-66.6875,78.7713168277194,24,180
"1132",-58.375,-66.5625,79.0427568635672,23,180
"1133",-58.375,-66.4375,84.2326609373592,25,180
"1134",-58.375,-66.3125,86.7883543674388,28,180
"1135",-58.375,-66.1875,90.6863470737289,36,180
"1136",-58.375,-66.0625,104.605809675586,40,180
"1137",-58.375,-65.9375,118.506990333752,34,180
"1138",-58.375,-65.8125,124.640277841811,35,180
"1139",-58.375,-65.6875,127.531658957,18,180
"1140",-58.375,-65.5625,121.481693950676,8,180
"1141",-58.375,-65.4375,111.116189071951,6,180
"1142",-58.375,-65.3125,103.476479875978,7,180
"1143",-58.375,-65.1875,93.0845008236912,7,180
"1144",-58.375,-65.0625,105.902385620764,10,180
"1145",-58.375,-64.9375,77.8097499837819,5,180
"1146",-58.375,-64.8125,58.7306212565613,2,180
"1147",-58.375,-64.6875,66.9076563916697,2,180
"1148",-58.375,-64.5625,69.7914547606531,2,180
"1149",-58.375,-64.4375,64.0779858926515,1,179.965291341146
"1150",-58.375,-64.0625,134.413201226128,129.826395670573,142.58681233724
"1151",-58.375,-63.9375,133.599252488878,105.440979003906,145.58681233724
"1152",-58.375,-63.8125,99.4638956705729,88.4409790039062,126.670145670573
"1153",-58.375,-63.4375,120.301823613164,48.0833333333333,179.767374674479
"1154",-58.375,-63.3125,123.857641930674,45.0833333333333,179.996541341146
"1155",-58.375,-63.1875,119.212897148083,41,180
"1156",-58.375,-63.0625,104.233074056383,22,180
"1157",-58.375,-62.9375,96.7728536798285,15,180
"1158",-58.375,-62.8125,90.4220050722361,9,179.677083333333
"1159",-58.375,-62.6875,94.107438192914,10,179.402791341146
"1160",-58.375,-62.5625,111.614828782704,13,180
"1161",-58.375,-62.4375,120.163469206981,15,180
"1162",-58.375,-62.3125,122.343492357435,24,180
"1163",-58.375,-62.1875,124.134733173482,45.8090311686198,180
"1164",-58.375,-61.9375,161.852434285482,144,176.829874674479
"1165",-58.375,-61.8125,140.637445305966,65,179.260416666667
"1166",-58.375,-61.6875,137.284266498155,57,180
"1167",-58.375,-61.5625,116.449601408723,41,179.93056233724
"1168",-58.375,-61.4375,117.561188116306,47,180
"1169",-58.375,-61.3125,120.331598917643,90,139
"1170",-58.375,-61.1875,129,116,142
"1171",-58.375,-59.9375,165.59028116862,165.59028116862,165.59028116862
"1172",-58.375,-59.8125,157.5,147,168
"1173",-58.375,-59.6875,161.521993001302,132,179.402791341146
"1174",-58.375,-59.5625,166.515048556858,149,174
"1175",-58.375,-59.4375,139.380210876465,135,141.84028116862
"1176",-58.375,-59.3125,147.479170057509,137.84028116862,165.756947835286
"1177",-58.375,-59.1875,148.4,103,171
"1178",-58.375,-59.0625,155.469619750977,104,175
"1179",-58.375,-58.9375,173.348381890191,165,179.045145670573
"1180",-58.375,-58.8125,176.4,173,180
"1181",-58.375,-58.6875,175.836116536458,172,179.590291341146
"1182",-58.375,-58.4375,150.295145670573,128,172.590291341146
"1183",-58.375,-58.3125,119.5,110,129
"1184",-58.375,-58.0625,163.84028116862,163.84028116862,163.84028116862
"1185",-58.125,-75.5625,64.8553865220812,11.4097226460775,116
"1186",-58.125,-75.4375,58.9029014648702,0,180
"1187",-58.125,-75.3125,79.4210861730852,1,180
"1188",-58.125,-75.1875,83.7527790085945,2,179.996541341146
"1189",-58.125,-75.0625,69.5833575896679,0,180
"1190",-58.125,-74.9375,89.3932160735428,4,180
"1191",-58.125,-74.8125,112.424263853539,7,180
"1192",-58.125,-74.6875,100.196479845804,11,180
"1193",-58.125,-74.5625,110.33038965402,18,180
"1194",-58.125,-74.4375,118.342854417665,50,179.541666666667
"1195",-58.125,-74.3125,100.756973556064,47,179.090291341146
"1196",-58.125,-74.1875,100.664305339488,50,180
"1197",-58.125,-74.0625,98.4206839346671,54,179.944458007812
"1198",-58.125,-73.9375,99.7348611653646,58,176
"1199",-58.125,-73.8125,101.122641509434,61,163
"1200",-58.125,-73.6875,114.249263570766,81,134
"1201",-58.125,-73.5625,121.665869085638,83,156.135416666667
"1202",-58.125,-73.4375,101.641710223574,10,163
"1203",-58.125,-73.3125,90.6841690352939,8,165.135416666667
"1204",-58.125,-73.1875,73.2876219275402,8,169.135416666667
"1205",-58.125,-73.0625,74.4649105484304,10,175.135416666667
"1206",-58.125,-72.9375,63.6322889091555,12,180
"1207",-58.125,-72.8125,51.9211721148811,11,167.190979003906
"1208",-58.125,-72.6875,57.9017287146845,3,173.190979003906
"1209",-58.125,-72.5625,72.7173786751029,4,180
"1210",-58.125,-72.4375,98.5401785714286,5,180
"1211",-58.125,-72.3125,89.503640776699,3,180
"1212",-58.125,-72.1875,73.8695819248595,9,180
"1213",-58.125,-72.0625,98.6415496396347,12,180
"1214",-58.125,-71.9375,88.1129279912904,31,172
"1215",-58.125,-71.8125,99.7727272727273,54,175
"1216",-58.125,-71.6875,111.051948051948,62,177
"1217",-58.125,-71.5625,108.371794871795,40,175
"1218",-58.125,-71.4375,110.395061728395,41,176
"1219",-58.125,-71.3125,84.319587628866,21,173
"1220",-58.125,-71.1875,115.847457627119,25,177
"1221",-58.125,-71.0625,102.227272727273,26,179
"1222",-58.125,-70.9375,109.073170731707,45,180
"1223",-58.125,-70.8125,105.240506329114,37,180
"1224",-58.125,-70.6875,98.0217391304348,24,178
"1225",-58.125,-70.5625,101.789565928428,22,180
"1226",-58.125,-70.4375,117.239768062078,40,170
"1227",-58.125,-70.3125,95.1724137931034,46,152
"1228",-58.125,-70.1875,122.646341463415,55,164
"1229",-58.125,-70.0625,125.603448275862,60,165
"1230",-58.125,-69.9375,110.666666666667,104,114
"1231",-58.125,-69.5625,143,143,143
"1232",-58.125,-69.4375,144,144,144
"1233",-58.125,-68.3125,113.5,113,114
"1234",-58.125,-68.1875,125,84,151
"1235",-58.125,-68.0625,98.1590909090909,74,151
"1236",-58.125,-67.9375,101.054263565891,17,162
"1237",-58.125,-67.8125,96.7972027972028,18,166
"1238",-58.125,-67.6875,84.1139240506329,17,170
"1239",-58.125,-67.5625,50.0566037735849,19,173
"1240",-58.125,-67.4375,59.7,23,128
"1241",-58.125,-67.3125,82.5441176470588,34,133
"1242",-58.125,-67.1875,73.6551724137931,37,144
"1243",-58.125,-67.0625,64.993118316773,38,152
"1244",-58.125,-66.9375,70.7333103637272,30,163
"1245",-58.125,-66.8125,80.5471817321456,27,180
"1246",-58.125,-66.6875,85.0487352846041,29,180
"1247",-58.125,-66.5625,83.393942949682,26,180
"1248",-58.125,-66.4375,86.3421421405396,29,180
"1249",-58.125,-66.3125,87.7415384390631,33,180
"1250",-58.125,-66.1875,96.6386325178475,39,180
"1251",-58.125,-66.0625,102.548237834458,47,180
"1252",-58.125,-65.9375,106.421357682172,50,180
"1253",-58.125,-65.8125,118.454061522654,39,180
"1254",-58.125,-65.6875,123.479122954724,20,180
"1255",-58.125,-65.5625,120.155146312629,9,180
"1256",-58.125,-65.4375,115.30916771067,8,180
"1257",-58.125,-65.3125,113.40981425865,9,180
"1258",-58.125,-65.1875,99.474362420749,10,180
"1259",-58.125,-65.0625,108.057754923678,13,180
"1260",-58.125,-64.9375,85.8400891269394,16,180
"1261",-58.125,-64.8125,68.6013468424479,0,180
"1262",-58.125,-64.6875,51.1148233082304,1,180
"1263",-58.125,-64.5625,70.602511541343,2,180
"1264",-58.125,-64.4375,56.3415650188483,0,180
"1265",-58.125,-63.9375,131.006947835286,100.725697835286,142.100697835286
"1266",-58.125,-63.8125,126.270044694867,85.4409790039062,179.388895670573
"1267",-58.125,-63.6875,135.700088500977,93.8020833333333,177.072916666667
"1268",-58.125,-63.4375,106.849267099418,44.5763905843099,177.49306233724
"1269",-58.125,-63.3125,121.522598814502,37,180
"1270",-58.125,-63.1875,119.069563106267,35,180
"1271",-58.125,-63.0625,96.7872153445846,20,180
"1272",-58.125,-62.9375,99.2148024072796,13,180
"1273",-58.125,-62.8125,90.5752085325365,8,179.666666666667
"1274",-58.125,-62.6875,96.9792818461203,8,180
"1275",-58.125,-62.5625,100.932678758052,9,179.65625
"1276",-58.125,-62.4375,109.850325717721,12,180
"1277",-58.125,-62.3125,117.331720879106,11,179.565979003906
"1278",-58.125,-62.1875,119.156759649159,25,180
"1279",-58.125,-62.0625,123.980327638805,46,176.361124674479
"1280",-58.125,-61.9375,171.490745261863,160.71181233724,179.986124674479
"1281",-58.125,-61.8125,152.467224663628,76,179.902791341146
"1282",-58.125,-61.6875,139.707605638366,40.9652786254883,180
"1283",-58.125,-61.5625,122.444926079283,39,180
"1284",-58.125,-61.4375,122.190621420301,48,178.402791341146
"1285",-58.125,-61.3125,129.70791788737,68,180
"1286",-58.125,-61.1875,128.885416666667,115,142.770833333333
"1287",-58.125,-59.9375,151.863427056207,145,164.59028116862
"1288",-58.125,-59.8125,136.5,135,138
"1289",-58.125,-59.6875,145.513195800781,128,178.402791341146
"1290",-58.125,-59.5625,149.857142857143,127,173
"1291",-58.125,-59.4375,145.515048556858,125,171.045145670573
"1292",-58.125,-59.3125,140.487502034505,132,164.756947835286
"1293",-58.125,-59.1875,145.166666666667,102,171
"1294",-58.125,-59.0625,169.585652669271,163,173.756958007812
"1295",-58.125,-58.9375,173.666666666667,166,178
"1296",-58.125,-58.8125,176.295145670573,175,177.590291341146
"1297",-58.125,-58.6875,174,174,174
"1298",-58.125,-58.5625,175,175,175
"1299",-58.125,-58.3125,166.84028116862,166.84028116862,166.84028116862
"1300",-58.125,-58.1875,135.613427056207,111,165.84028116862
"1301",-58.125,-58.0625,164.84028116862,164.84028116862,164.84028116862
"1302",-57.875,-75.5625,101.410251758181,5.06597232818604,179.861124674479
"1303",-57.875,-75.4375,57.3667834255307,1,180
"1304",-57.875,-75.3125,73.3057172560662,1,180
"1305",-57.875,-75.1875,82.9358109802641,4,180
"1306",-57.875,-75.0625,94.5944241019783,1,180
"1307",-57.875,-74.9375,104.606634351942,18,180
"1308",-57.875,-74.8125,115.257746854692,12,180
"1309",-57.875,-74.6875,118.568105530899,14,180
"1310",-57.875,-74.5625,127.281346930958,20,180
"1311",-57.875,-74.4375,114.953187590954,43,180
"1312",-57.875,-74.3125,124.515510728624,67,180
"1313",-57.875,-74.1875,124.181007682503,75,175.069458007812
"1314",-57.875,-74.0625,132.343722786319,82,179.701395670573
"1315",-57.875,-73.9375,103.545454545455,89,160
"1316",-57.875,-73.8125,108.579767450556,98,115.451395670573
"1317",-57.875,-73.6875,110.876913614319,87,147.135416666667
"1318",-57.875,-73.5625,118.539933381257,93,149.135416666667
"1319",-57.875,-73.4375,100.912616305881,13,148
"1320",-57.875,-73.3125,61.8588146299828,11,157
"1321",-57.875,-73.1875,43.1276043162626,11,165
"1322",-57.875,-73.0625,55.6780343673285,12,170
"1323",-57.875,-72.9375,50.9181286549708,15,176
"1324",-57.875,-72.8125,52.9870145637491,16,180
"1325",-57.875,-72.6875,51.4347483756792,5,178.190979003906
"1326",-57.875,-72.5625,65.0066889632107,5,180
"1327",-57.875,-72.4375,68.6332378223496,8,179
"1328",-57.875,-72.3125,68.1483146067416,11,180
"1329",-57.875,-72.1875,71.0818713450292,15,180
"1330",-57.875,-72.0625,83.3948778244196,22,180
"1331",-57.875,-71.9375,90.2566037735849,29,171
"1332",-57.875,-71.8125,100.621621621622,56,172
"1333",-57.875,-71.6875,109.213114754098,62,170
"1334",-57.875,-71.5625,121.633333333333,73,165
"1335",-57.875,-71.4375,123.787878787879,91,163
"1336",-57.875,-71.3125,153.105263157895,142,164
"1337",-57.875,-71.1875,117.076923076923,39,158
"1338",-57.875,-71.0625,97.5,42,153
"1339",-57.875,-70.8125,108.783783783784,38,175
"1340",-57.875,-70.6875,107.178899082569,38,179
"1341",-57.875,-70.5625,109.797297297297,40,180
"1342",-57.875,-70.4375,105.820895522388,42,180
"1343",-57.875,-70.3125,117.204545454545,45,150
"1344",-57.875,-70.1875,117.550724637681,57,160
"1345",-57.875,-70.0625,116.8125,59,162
"1346",-57.875,-69.9375,108.5,108,109
"1347",-57.875,-68.0625,125,125,125
"1348",-57.875,-67.9375,112.555555555556,79,131
"1349",-57.875,-67.8125,110.6875,84,162
"1350",-57.875,-67.6875,112.666666666667,88,163
"1351",-57.875,-67.5625,98,98,98
"1352",-57.875,-67.3125,107.2,105,110
"1353",-57.875,-67.1875,127.615384615385,113,138
"1354",-57.875,-67.0625,71.6896551724138,44,144
"1355",-57.875,-66.9375,82.6346326789915,43,158
"1356",-57.875,-66.8125,86.5642362307879,41,180
"1357",-57.875,-66.6875,86.1655727419564,33,180
"1358",-57.875,-66.5625,90.4014712910593,30,180
"1359",-57.875,-66.4375,87.6131811080121,32,180
"1360",-57.875,-66.3125,89.0605364758367,38,180
"1361",-57.875,-66.1875,98.0428756696207,40,180
"1362",-57.875,-66.0625,101.755760544015,45,180
"1363",-57.875,-65.9375,105.311106303882,48,179
"1364",-57.875,-65.8125,107.005684575149,53,180
"1365",-57.875,-65.6875,119.867264687478,21,180
"1366",-57.875,-65.5625,118.504834964995,12,180
"1367",-57.875,-65.4375,116.093855137859,10,180
"1368",-57.875,-65.3125,114.200378537863,11,180
"1369",-57.875,-65.1875,105.205133940745,12,180
"1370",-57.875,-65.0625,106.498430241937,14,180
"1371",-57.875,-64.9375,100.683306246604,19,180
"1372",-57.875,-64.8125,92.4823900611471,15,180
"1373",-57.875,-64.6875,84.9197330603903,2,180
"1374",-57.875,-64.5625,75.4552364157784,3,180
"1375",-57.875,-64.4375,90.5168608529098,0.961805582046509,180
"1376",-57.875,-63.8125,82.1115989312343,36.4375,179.5
"1377",-57.875,-63.6875,115.047743479411,83.4409739176432,178.072916666667
"1378",-57.875,-63.3125,109.850617455333,38.8090286254883,179.829874674479
"1379",-57.875,-63.1875,109.097968518038,22,180
"1380",-57.875,-63.0625,96.2548006454779,19,179.871541341146
"1381",-57.875,-62.9375,96.0208845742141,9,180
"1382",-57.875,-62.8125,90.5441089578728,7,180
"1383",-57.875,-62.6875,104.053101494199,9,179.708333333333
"1384",-57.875,-62.5625,107.031362461279,11,179.958333333333
"1385",-57.875,-62.4375,118.36846476237,11,179
"1386",-57.875,-62.3125,112.944338620231,12,180
"1387",-57.875,-62.1875,119.356868010658,12,179.454874674479
"1388",-57.875,-62.0625,117.873781659785,18,180
"1389",-57.875,-61.9375,128.912755700314,34,171.347229003906
"1390",-57.875,-61.8125,131.62989175415,35.9652786254883,180
"1391",-57.875,-61.6875,131.072848625132,36.9652786254883,180
"1392",-57.875,-61.5625,120.889246436411,29,179.986124674479
"1393",-57.875,-61.4375,124.397834943688,30,179.725708007812
"1394",-57.875,-61.3125,117.704861908956,40,179.791666666667
"1395",-57.875,-61.1875,137.295138888889,114,167
"1396",-57.875,-59.9375,155.436112467448,140,167
"1397",-57.875,-59.8125,146.863427056207,139,161.59028116862
"1398",-57.875,-59.6875,153.060187445747,139,160.59028116862
"1399",-57.875,-59.5625,165.226391601563,144,177.402791341146
"1400",-57.875,-59.4375,154,145,171
"1401",-57.875,-59.3125,156.858272668087,124,180
"1402",-57.875,-59.1875,159.79514001917,120,179.715291341146
"1403",-57.875,-59.0625,170.378479003906,164,175.756958007812
"1404",-57.875,-58.9375,179,179,179
"1405",-57.875,-58.8125,176.530097113715,176,177
"1406",-57.875,-58.6875,175.590291341146,175.590291341146,175.590291341146
"1407",-57.875,-58.5625,174.090291341146,173.590291341146,174.590291341146
"1408",-57.875,-58.4375,171.92014058431,167.84028116862,176
"1409",-57.875,-58.0625,112,112,112
"1410",-57.625,-75.5625,91.4599329268239,3,179.927083333333
"1411",-57.625,-75.4375,66.8753142067157,0,179.989583333333
"1412",-57.625,-75.3125,62.8988826227124,1,180
"1413",-57.625,-75.1875,78.5924394590665,3,180
"1414",-57.625,-75.0625,99.2840585456323,8,179.982645670573
"1415",-57.625,-74.9375,110.459463046779,21,179.77431233724
"1416",-57.625,-74.8125,116.427580638239,31,179.663208007812
"1417",-57.625,-74.6875,123.503256136017,32,180
"1418",-57.625,-74.5625,129.322382567698,36,180
"1419",-57.625,-74.4375,118.927323264637,55,179
"1420",-57.625,-74.3125,120.407732047287,63,180
"1421",-57.625,-74.1875,104.862777813762,69,163.069447835286
"1422",-57.625,-74.0625,111.712684938759,79,171.6875
"1423",-57.625,-73.9375,100.957508551381,77,135.135416666667
"1424",-57.625,-73.8125,102.573909577869,84,141.135416666667
"1425",-57.625,-73.6875,109.605902777778,88,145.135416666667
"1426",-57.625,-73.5625,105.833333333333,94,113
"1427",-57.625,-73.4375,42.75,16,114
"1428",-57.625,-73.3125,24.2926829268293,16,41
"1429",-57.625,-73.1875,31.7823129251701,14,124
"1430",-57.625,-73.0625,40.3949579831933,16,136
"1431",-57.625,-72.9375,53.2202380952381,18,140
"1432",-57.625,-72.8125,52.42,19,165
"1433",-57.625,-72.6875,52.9594054331977,8,179.190979003906
"1434",-57.625,-72.5625,44.7,8,178
"1435",-57.625,-72.4375,52.025641025641,11,176
"1436",-57.625,-72.3125,78.5806451612903,14,180
"1437",-57.625,-72.1875,65.1477477477477,16,180
"1438",-57.625,-72.0625,81.1408934707904,23,180
"1439",-57.625,-71.9375,91.8125,27,170
"1440",-57.625,-71.8125,100.052083333333,52,169
"1441",-57.625,-71.6875,117.597402597403,57,169
"1442",-57.625,-71.5625,125.674418604651,72,161
"1443",-57.625,-71.4375,115.225806451613,82,162
"1444",-57.625,-71.3125,136.8,112,156
"1445",-57.625,-71.1875,131.888888888889,126,145
"1446",-57.625,-70.8125,70,70,70
"1447",-57.625,-70.6875,101.181818181818,52,176
"1448",-57.625,-70.5625,112.759259259259,53,179
"1449",-57.625,-70.4375,110.519230769231,55,180
"1450",-57.625,-70.3125,112.611111111111,88,135
"1451",-57.625,-70.1875,101.25,86,136
"1452",-57.625,-70.0625,93.6666666666667,89,103
"1453",-57.625,-67.6875,89,89,89
"1454",-57.625,-67.5625,90,90,90
"1455",-57.625,-67.0625,50.5,50,51
"1456",-57.625,-66.9375,98.4615384615385,55,164
"1457",-57.625,-66.8125,94.684266652396,54,175
"1458",-57.625,-66.6875,91.6665540018104,41,180
"1459",-57.625,-66.5625,99.7773144116725,33,180
"1460",-57.625,-66.4375,90.9105874437073,34,180
"1461",-57.625,-66.3125,93.2070102912408,39,180
"1462",-57.625,-66.1875,104.686019573354,42,180
"1463",-57.625,-66.0625,105.591789763966,45,180
"1464",-57.625,-65.9375,110.582658204501,49,180
"1465",-57.625,-65.8125,116.758450998979,52,180
"1466",-57.625,-65.6875,114.690121325325,58,180
"1467",-57.625,-65.5625,120.083934792049,23,180
"1468",-57.625,-65.4375,118.1997830429,14,180
"1469",-57.625,-65.3125,116.667620005098,14,180
"1470",-57.625,-65.1875,112.785259929305,15,180
"1471",-57.625,-65.0625,106.9137041079,16,180
"1472",-57.625,-64.9375,105.319538119088,19,180
"1473",-57.625,-64.8125,84.224654084554,0,180
"1474",-57.625,-64.6875,75.4472029943262,1,180
"1475",-57.625,-64.5625,70.5122035229541,2,180
"1476",-57.625,-64.4375,87.43809364959,0,180
"1477",-57.625,-64.0625,100.792646798099,5,179.107645670573
"1478",-57.625,-63.9375,103.127588812591,7,179.822916666667
"1479",-57.625,-63.8125,85.8963228034102,13.9895833333333,176.77431233724
"1480",-57.625,-63.6875,135.868571284779,50.25,179.482645670573
"1481",-57.625,-63.3125,106.099845216985,40.8923619588216,179.295145670573
"1482",-57.625,-63.1875,98.4828593175739,29.7222239176432,179.638895670573
"1483",-57.625,-63.0625,102.236309614259,18,180
"1484",-57.625,-62.9375,91.8476087026052,8,179.989583333333
"1485",-57.625,-62.8125,93.319445600161,6,180
"1486",-57.625,-62.6875,97.1445666298347,11,180
"1487",-57.625,-62.5625,102.651769071637,13,180
"1488",-57.625,-62.4375,108.10206427941,13,179.55556233724
"1489",-57.625,-62.3125,117.136793674995,12,180
"1490",-57.625,-62.1875,119.714569091797,13,180
"1491",-57.625,-62.0625,115.24441731215,19,179.982645670573
"1492",-57.625,-61.9375,119.338316292598,30,179.958333333333
"1493",-57.625,-61.8125,121.957324681265,34.9652786254883,179.684041341146
"1494",-57.625,-61.6875,130.870752045603,38,180
"1495",-57.625,-61.5625,128.318128949366,27,180
"1496",-57.625,-61.4375,123.598042615493,30,180
"1497",-57.625,-61.3125,108.703624506106,32,179.746541341146
"1498",-57.625,-61.1875,120.708333333333,73,175
"1499",-57.625,-60.0625,154.5,143,166
"1500",-57.625,-59.9375,141.5,141,142
"1501",-57.625,-59.8125,141,141,141
"1502",-57.625,-59.6875,140,140,140
"1503",-57.625,-59.5625,146.999134063721,138,176.402791341146
"1504",-57.625,-59.4375,165.413938976469,154,174
"1505",-57.625,-59.3125,163.783899216425,123,178
"1506",-57.625,-59.1875,160.843753814697,101,178.715291341146
"1507",-57.625,-59.0625,172.942708333333,168,180
"1508",-57.625,-58.9375,179,178,180
"1509",-57.625,-58.5625,168.84028116862,168.84028116862,168.84028116862
"1510",-57.625,-58.0625,131,131,131
"1511",-57.375,-75.6875,63.7583864580121,9,169.673614501953
"1512",-57.375,-75.5625,76.4195838289757,6,179.673624674479
"1513",-57.375,-75.4375,63.1318947700277,1,178.74306233724
"1514",-57.375,-75.3125,66.8326612959985,1,179.871541341146
"1515",-57.375,-75.1875,85.0872718924483,4,179.815979003906
"1516",-57.375,-75.0625,88.1671637123812,7,179.701395670573
"1517",-57.375,-74.9375,106.909077504689,21,179.642374674479
"1518",-57.375,-74.8125,117.438266626582,27,179.722229003906
"1519",-57.375,-74.6875,122.198184230019,30,180
"1520",-57.375,-74.5625,112.902633210142,39,176.0625
"1521",-57.375,-74.4375,108.099281091258,55,163.878479003906
"1522",-57.375,-74.3125,121.690782799568,57,180
"1523",-57.375,-74.1875,108.4048043357,68,164.6875
"1524",-57.375,-74.0625,98.0157378225615,67,166.6875
"1525",-57.375,-73.9375,93.7893282312925,77,136.135416666667
"1526",-57.375,-73.8125,103.033854166667,88,137.135416666667
"1527",-57.375,-73.3125,26.92,20,44
"1528",-57.375,-73.1875,27.5031847133758,17,123
"1529",-57.375,-73.0625,42.7671232876712,23,133
"1530",-57.375,-72.9375,53.5666666666667,24,158
"1531",-57.375,-72.8125,59.849710982659,29,158
"1532",-57.375,-72.6875,57.374358974359,14,164
"1533",-57.375,-72.5625,57.646288209607,11,179
"1534",-57.375,-72.4375,55.8798449612403,12,180
"1535",-57.375,-72.3125,68.8677419354839,15,180
"1536",-57.375,-72.1875,82.8181818181818,22,180
"1537",-57.375,-72.0625,92.2842105263158,31,159
"1538",-57.375,-71.9375,90.5699481865285,25,156
"1539",-57.375,-71.8125,95.5378151260504,46,167
"1540",-57.375,-71.6875,101.698795180723,47,161
"1541",-57.375,-71.5625,124.52,81,152
"1542",-57.375,-71.4375,141.615384615385,103,157
"1543",-57.375,-71.3125,132,116,143
"1544",-57.375,-71.1875,132.5,132,133
"1545",-57.375,-70.5625,107.647058823529,99,116
"1546",-57.375,-70.4375,124.733333333333,107,143
"1547",-57.375,-70.3125,154.15,82,180
"1548",-57.375,-67.5625,94,91,96
"1549",-57.375,-67.4375,101.153846153846,92,107
"1550",-57.375,-67.3125,118.454545454545,109,125
"1551",-57.375,-67.1875,128,126,130
"1552",-57.375,-67.0625,128.25,111,135
"1553",-57.375,-66.9375,117.777777777778,92,156
"1554",-57.375,-66.8125,107.983547883092,63,180
"1555",-57.375,-66.6875,93.8154997715897,45,180
"1556",-57.375,-66.5625,99.3210963264061,41,180
"1557",-57.375,-66.4375,101.364208470353,36,180
"1558",-57.375,-66.3125,105.605710013023,36,180
"1559",-57.375,-66.1875,110.599232136214,38,180
"1560",-57.375,-66.0625,112.327140631257,45,180
"1561",-57.375,-65.9375,115.167533028609,49,180
"1562",-57.375,-65.8125,118.836642111645,54,180
"1563",-57.375,-65.6875,119.74836607172,60,180
"1564",-57.375,-65.5625,119.593287028701,27,180
"1565",-57.375,-65.4375,118.610176827454,15,180
"1566",-57.375,-65.3125,118.12190647462,16,180
"1567",-57.375,-65.1875,119.908631002422,16,180
"1568",-57.375,-65.0625,114.200783274712,17,180
"1569",-57.375,-64.9375,108.243029149861,20,180
"1570",-57.375,-64.8125,95.3199425636403,2,180
"1571",-57.375,-64.6875,80.0260640860407,1,180
"1572",-57.375,-64.5625,75.1746078073284,4,180
"1573",-57.375,-64.4375,45.9793226028297,0.774305582046509,179.579874674479
"1574",-57.375,-64.3125,63.6356518241872,1.35416666666667,179.517374674479
"1575",-57.375,-64.1875,82.7953773845326,20.9444452921549,179.75
"1576",-57.375,-64.0625,73.2367345387332,2,179.701395670573
"1577",-57.375,-63.9375,87.5927613466712,4,179.64931233724
"1578",-57.375,-63.8125,55.0982174300196,1.89236116409302,179.9375
"1579",-57.375,-63.6875,103.933636111521,30.9131952921549,179.913208007812
"1580",-57.375,-63.5625,128.629844588463,20,179.826395670573
"1581",-57.375,-63.1875,102.338063917031,15.6319452921549,179.288208007812
"1582",-57.375,-63.0625,98.6887881083236,18,180
"1583",-57.375,-62.9375,83.0045221447758,7,180
"1584",-57.375,-62.8125,86.0198345977253,6,179
"1585",-57.375,-62.6875,91.2830957618563,10,179.958333333333
"1586",-57.375,-62.5625,92.580689160329,11,179.552083333333
"1587",-57.375,-62.4375,120.191971122796,15,180
"1588",-57.375,-62.3125,120.870606014081,13,180
"1589",-57.375,-62.1875,121.458885430083,13,179.96875
"1590",-57.375,-62.0625,122.580700968591,14,179.920145670573
"1591",-57.375,-61.9375,127.254340416584,21,180
"1592",-57.375,-61.8125,131.958004049253,26,179.9375
"1593",-57.375,-61.6875,130.607397063961,37,180
"1594",-57.375,-61.5625,128.3551998352,26,180
"1595",-57.375,-61.4375,123.107964874596,24,180
"1596",-57.375,-61.3125,112.545173495424,34,179.90625
"1597",-57.375,-61.1875,112.448413667225,50,174
"1598",-57.375,-60.0625,143,143,143
"1599",-57.375,-59.9375,142,142,142
"1600",-57.375,-59.8125,177.5,176,179
"1601",-57.375,-59.6875,178,178,178
"1602",-57.375,-59.5625,148.666666666667,112,177
"1603",-57.375,-59.4375,166.402202182346,154,176
"1604",-57.375,-59.3125,161.378157182173,122,178
"1605",-57.375,-59.1875,163.805242365057,100,177.756958007812
"1606",-57.375,-59.0625,174.885416666667,174,175.770833333333
"1607",-57.375,-58.9375,176.770833333333,176.770833333333,176.770833333333
"1608",-57.375,-58.6875,169.84028116862,169.84028116862,169.84028116862
"1609",-57.375,-58.1875,177,177,177
"1610",-57.375,-58.0625,122.5,113,132
"1611",-57.125,-75.6875,57.4330021333412,4,165.458333333333
"1612",-57.125,-75.5625,59.6244849978647,3,179.815979003906
"1613",-57.125,-75.4375,47.427857702494,0,179.74306233724
"1614",-57.125,-75.3125,64.8456654088453,1,178.93056233724
"1615",-57.125,-75.1875,81.1539577386109,4,180
"1616",-57.125,-75.0625,94.4653196339413,7,180
"1617",-57.125,-74.9375,107.764410468674,18,180
"1618",-57.125,-74.8125,117.723804403849,23,180
"1619",-57.125,-74.6875,106.109892466325,28,180
"1620",-57.125,-74.5625,121.344353915883,36,179.55556233724
"1621",-57.125,-74.4375,103.451514533332,50,167.43403116862
"1622",-57.125,-74.3125,111.682633254387,49,180
"1623",-57.125,-74.1875,98.838748629131,61,159.6875
"1624",-57.125,-74.0625,86.7666666666667,66,149
"1625",-57.125,-73.9375,85.8888888888889,77,95
"1626",-57.125,-73.3125,25.9375,22,34
"1627",-57.125,-73.1875,31.3793103448276,21,47
"1628",-57.125,-73.0625,41.4020618556701,27,153
"1629",-57.125,-72.9375,57.1452991452991,29,180
"1630",-57.125,-72.8125,69.5081967213115,38,155
"1631",-57.125,-72.6875,66.8571428571429,17,161
"1632",-57.125,-72.5625,69.1513513513514,18,176
"1633",-57.125,-72.4375,66.0145631067961,18,180
"1634",-57.125,-72.3125,61.5408560311284,17,180
"1635",-57.125,-72.1875,72.2647058823529,18,173
"1636",-57.125,-72.0625,90.0079155672823,20,179
"1637",-57.125,-71.9375,88.6162162162162,24,180
"1638",-57.125,-71.8125,88.5636363636364,34,161
"1639",-57.125,-71.6875,101.798507462687,45,156
"1640",-57.125,-71.5625,105.722222222222,56,150
"1641",-57.125,-71.4375,140.666666666667,134,147
"1642",-57.125,-70.4375,127,118,136
"1643",-57.125,-70.3125,147.5,146,149
"1644",-57.125,-67.4375,98,98,98
"1645",-57.125,-67.3125,113.428571428571,108,121
"1646",-57.125,-67.1875,131,131,131
"1647",-57.125,-67.0625,133.1875,112,146
"1648",-57.125,-66.9375,115.885714285714,93,159
"1649",-57.125,-66.8125,110,66,173
"1650",-57.125,-66.6875,107.612821360726,49,180
"1651",-57.125,-66.5625,100.528986812678,49,180
"1652",-57.125,-66.4375,104.783513691543,40,180
"1653",-57.125,-66.3125,105.866511661305,43,180
"1654",-57.125,-66.1875,113.289287244503,41,180
"1655",-57.125,-66.0625,112.808723878549,45,180
"1656",-57.125,-65.9375,116.421676023291,57,180
"1657",-57.125,-65.8125,124.093782660734,60,180
"1658",-57.125,-65.6875,123.574454551219,59,180
"1659",-57.125,-65.5625,122.610663936679,29,180
"1660",-57.125,-65.4375,120.03346539467,28,180
"1661",-57.125,-65.3125,122.983045718652,18,180
"1662",-57.125,-65.1875,121.916013853502,19,180
"1663",-57.125,-65.0625,117.42887560697,19,180
"1664",-57.125,-64.9375,113.425186937792,22,180
"1665",-57.125,-64.8125,89.6785703893778,0,180
"1666",-57.125,-64.6875,86.9339258166881,1,180
"1667",-57.125,-64.5625,95.9961053981012,3,180
"1668",-57.125,-64.4375,87.305093687186,3,179.77431233724
"1669",-57.125,-64.3125,79.5671592896572,2.0451389948527,179.895833333333
"1670",-57.125,-64.1875,64.8138899373755,3.32986132303874,179.916666666667
"1671",-57.125,-64.0625,79.3586951832296,0,179.951395670573
"1672",-57.125,-63.9375,80.2449154990995,2,180
"1673",-57.125,-63.8125,61.8127488100606,0,179.99306233724
"1674",-57.125,-63.6875,64.7604273413777,1,180
"1675",-57.125,-63.5625,76.7756627193958,17,169
"1676",-57.125,-63.4375,65.0995913707849,12.5555559794108,173.354166666667
"1677",-57.125,-63.3125,90.0658954273571,7.72222264607747,177
"1678",-57.125,-63.1875,95.8049188935818,11.7847226460775,180
"1679",-57.125,-63.0625,99.1128455660991,9,179.71875
"1680",-57.125,-62.9375,89.924650234343,8,180
"1681",-57.125,-62.8125,82.3226601125384,5,172.86806233724
"1682",-57.125,-62.6875,86.9006434013192,5,180
"1683",-57.125,-62.5625,91.6404056686858,10,180
"1684",-57.125,-62.4375,108.194146634484,16,178
"1685",-57.125,-62.3125,117.8397335518,18,180
"1686",-57.125,-62.1875,119.989178791452,14,179.847229003906
"1687",-57.125,-62.0625,115.146652705039,14,180
"1688",-57.125,-61.9375,116.894786201181,15,179.920145670573
"1689",-57.125,-61.8125,129.587860912939,23,179.736124674479
"1690",-57.125,-61.6875,133.757982841828,34,180
"1691",-57.125,-61.5625,130.481375600026,22,180
"1692",-57.125,-61.4375,126.131704177535,23,180
"1693",-57.125,-61.3125,117.28859685703,34,179.59375
"1694",-57.125,-61.1875,121.600096954696,55,175.902791341146
"1695",-57.125,-61.0625,139.774307250977,111,173
"1696",-57.125,-60.9375,169.833333333333,168,172
"1697",-57.125,-60.0625,162.789354112413,144,179.36806233724
"1698",-57.125,-59.8125,177.888891601563,175,180
"1699",-57.125,-59.6875,171.358333333333,169.447916666667,174
"1700",-57.125,-59.5625,124.8,109,173
"1701",-57.125,-59.4375,163.092594853154,149,173.402791341146
"1702",-57.125,-59.3125,159.314637795473,121,180
"1703",-57.125,-59.1875,158.647379557292,118,178.756958007812
"1704",-57.125,-59.0625,157.530093722873,129,173
"1705",-57.125,-58.9375,176.5,176,177
"1706",-57.125,-58.8125,175.53704155816,170.840291341146,178
"1707",-57.125,-58.6875,144.885416666667,111,178.770833333333
"1708",-57.125,-58.0625,123.5,114,133
"1709",-56.875,-75.8125,80.0526270129994,2,179.722229003906
"1710",-56.875,-75.6875,51.0245684508586,1,167.423614501953
"1711",-56.875,-75.5625,64.7482611264881,3,179.739583333333
"1712",-56.875,-75.4375,53.8282814069726,1,179.489583333333
"1713",-56.875,-75.3125,66.4003448334272,1,179.93056233724
"1714",-56.875,-75.1875,80.6000481777799,6,179.131958007812
"1715",-56.875,-75.0625,82.7673674473682,7,180
"1716",-56.875,-74.9375,103.866828498815,12,180
"1717",-56.875,-74.8125,100.419493781196,22,179.996541341146
"1718",-56.875,-74.6875,99.2925365817162,22,179.614583333333
"1719",-56.875,-74.5625,118.255230639354,29,179.770833333333
"1720",-56.875,-74.4375,83.086052827381,37,175.434041341146
"1721",-56.875,-74.3125,110.9182260268,48,176.46181233724
"1722",-56.875,-74.1875,106.04166710895,57,154.069447835286
"1723",-56.875,-74.0625,117.833333333333,67,144
"1724",-56.875,-73.3125,25,24,26
"1725",-56.875,-73.1875,32.804347826087,24,50
"1726",-56.875,-73.0625,41.7912087912088,29,147
"1727",-56.875,-72.9375,64.8256880733945,34,178
"1728",-56.875,-72.8125,78.036231884058,40,170
"1729",-56.875,-72.6875,67.1729323308271,43,163
"1730",-56.875,-72.5625,71.9246575342466,29,180
"1731",-56.875,-72.4375,70.1725888324873,27,180
"1732",-56.875,-72.3125,60.2085889570552,19,180
"1733",-56.875,-72.1875,62.4805194805195,20,161
"1734",-56.875,-72.0625,75.2700421940928,23,180
"1735",-56.875,-71.9375,77.7510917030568,26,159
"1736",-56.875,-71.8125,82.5497076023392,32,141
"1737",-56.875,-71.6875,108.6875,50,152
"1738",-56.875,-71.5625,108.842105263158,75,140
"1739",-56.875,-71.4375,133,133,133
"1740",-56.875,-67.0625,135,116,150
"1741",-56.875,-66.9375,127.805555555556,99,163
"1742",-56.875,-66.8125,128.471698113208,74,163
"1743",-56.875,-66.6875,119.237380829617,72,176
"1744",-56.875,-66.5625,108.104872485594,55,180
"1745",-56.875,-66.4375,106.101908980442,53,179
"1746",-56.875,-66.3125,109.952975543188,53,180
"1747",-56.875,-66.1875,111.307420579369,49,180
"1748",-56.875,-66.0625,117.192324270826,50,180
"1749",-56.875,-65.9375,121.034577406387,62,180
"1750",-56.875,-65.8125,127.143298479087,66,180
"1751",-56.875,-65.6875,127.152967691842,68,180
"1752",-56.875,-65.5625,125.828724785895,36,180
"1753",-56.875,-65.4375,124.417741835117,31,180
"1754",-56.875,-65.3125,125.381507337093,20,180
"1755",-56.875,-65.1875,130.461921678295,22,180
"1756",-56.875,-65.0625,126.804876680396,23,180
"1757",-56.875,-64.9375,125.611355584854,22,180
"1758",-56.875,-64.8125,115.602390934871,1,180
"1759",-56.875,-64.6875,88.5699486215304,1,180
"1760",-56.875,-64.5625,100.335125766153,3,180
"1761",-56.875,-64.4375,95.6646552914055,4,179.621541341146
"1762",-56.875,-64.3125,107.733587974472,5,180
"1763",-56.875,-64.1875,78.5810403306866,3,179.861124674479
"1764",-56.875,-64.0625,85.561995720252,1,180
"1765",-56.875,-63.9375,93.9641101418704,2,180
"1766",-56.875,-63.8125,99.6668143817604,1,180
"1767",-56.875,-63.6875,91.2895050967867,1,180
"1768",-56.875,-63.5625,97.8650051548796,7.03472264607747,180
"1769",-56.875,-63.4375,86.516391505208,5.72222264607747,180
"1770",-56.875,-63.3125,88.8236073621894,6.72222264607747,180
"1771",-56.875,-63.1875,106.349433611166,11,180
"1772",-56.875,-63.0625,101.592455453415,7,180
"1773",-56.875,-62.9375,95.3621007536544,5,180
"1774",-56.875,-62.8125,76.6593008696214,4,179.871541341146
"1775",-56.875,-62.6875,72.4898018657297,4,180
"1776",-56.875,-62.5625,77.0621341824106,8,180
"1777",-56.875,-62.4375,94.9539520033226,11,180
"1778",-56.875,-62.3125,111.944579455317,18,180
"1779",-56.875,-62.1875,117.727549963399,15,180
"1780",-56.875,-62.0625,120.439700367295,15,179.736124674479
"1781",-56.875,-61.9375,117.371468171047,16,180
"1782",-56.875,-61.8125,130.528616649152,51,180
"1783",-56.875,-61.6875,128.410519577642,32,179.097229003906
"1784",-56.875,-61.5625,129.856757020514,21,180
"1785",-56.875,-61.4375,124.660887602604,38,180
"1786",-56.875,-61.3125,122.458563380771,29,180
"1787",-56.875,-61.1875,115.646474301236,35,180
"1788",-56.875,-61.0625,109.496767767544,51,176.902791341146
"1789",-56.875,-60.9375,122.545139567057,108,167
"1790",-56.875,-60.8125,122.666666666667,106,166
"1791",-56.875,-60.6875,92.5,92,93
"1792",-56.875,-60.0625,145,145,145
"1793",-56.875,-59.9375,175.34201558431,164,180
"1794",-56.875,-59.8125,175.44618733724,172.447916666667,178.444458007812
"1795",-56.875,-59.6875,150.723958333333,133,168.447916666667
"1796",-56.875,-59.5625,157.134263780382,148,172.402791341146
"1797",-56.875,-59.4375,129.1,108,172
"1798",-56.875,-59.3125,151.169706980387,120,167
"1799",-56.875,-59.1875,154.470836385091,99,179.756958007812
"1800",-56.875,-59.0625,162.790279134115,147.59028116862,175
"1801",-56.875,-58.8125,171.840291341146,171.840291341146,171.840291341146
"1802",-56.875,-58.6875,148.25,110,162
"1803",-56.875,-58.5625,161.971354166667,112,179.770833333333
"1804",-56.875,-58.4375,171.75,168,180
"1805",-56.875,-57.9375,142.333333333333,115,178
"1806",-56.625,-75.8125,81.1896744552821,0,179.128479003906
"1807",-56.625,-75.6875,58.1314053692559,1,179.423624674479
"1808",-56.625,-75.5625,67.5572105110882,3,178.739583333333
"1809",-56.625,-75.4375,31.7349543274257,0,179.420145670573
"1810",-56.625,-75.3125,70.6819922474312,1,173.815979003906
"1811",-56.625,-75.1875,94.9019354994903,10,179.677083333333
"1812",-56.625,-75.0625,82.825341778037,9,180
"1813",-56.625,-74.9375,98.3067412772962,16,180
"1814",-56.625,-74.8125,99.7601018241756,20,179.538208007812
"1815",-56.625,-74.6875,98.1255129178365,19,180
"1816",-56.625,-74.5625,132.695014343857,27,180
"1817",-56.625,-74.4375,103.723786099752,34,180
"1818",-56.625,-74.3125,106.237934748332,50,180
"1819",-56.625,-74.1875,113.002394752941,63,152.069447835286
"1820",-56.625,-74.0625,141.813889567057,138,151.069447835286
"1821",-56.625,-73.9375,179.5,179,180
"1822",-56.625,-73.3125,125.952380952381,27,140
"1823",-56.625,-73.1875,42.0384615384615,27,145
"1824",-56.625,-73.0625,76.3269230769231,30,146
"1825",-56.625,-72.9375,82.2916666666667,36,180
"1826",-56.625,-72.8125,95.2543859649123,41,167
"1827",-56.625,-72.6875,75.1550387596899,51,161
"1828",-56.625,-72.5625,85.0842696629214,47,159
"1829",-56.625,-72.4375,77.1916666666667,33,178
"1830",-56.625,-72.3125,82.6101694915254,33,180
"1831",-56.625,-72.1875,87.5820895522388,34,171
"1832",-56.625,-72.0625,73.9557522123894,30,157
"1833",-56.625,-71.9375,77.7089552238806,28,158
"1834",-56.625,-71.8125,86.546875,36,145
"1835",-56.625,-71.6875,103.672727272727,48,147
"1836",-56.625,-71.5625,127.384615384615,98,139
"1837",-56.625,-67.0625,119.666666666667,119,120
"1838",-56.625,-66.9375,141.833333333333,106,170
"1839",-56.625,-66.8125,133.714285714286,108,172
"1840",-56.625,-66.6875,136.816326530612,100,169
"1841",-56.625,-66.5625,123.31357983845,74,180
"1842",-56.625,-66.4375,115.836805734021,73,177
"1843",-56.625,-66.3125,117.073818529423,65,180
"1844",-56.625,-66.1875,118.332525871336,58,180
"1845",-56.625,-66.0625,121.801736204086,63,180
"1846",-56.625,-65.9375,127.528271902534,66,180
"1847",-56.625,-65.8125,140.065553266153,75,180
"1848",-56.625,-65.6875,128.201872725714,77,180
"1849",-56.625,-65.5625,125.439680431293,73,180
"1850",-56.625,-65.4375,126.350637161285,36,180
"1851",-56.625,-65.3125,130.303462077773,33,180
"1852",-56.625,-65.1875,128.477759832831,25,180
"1853",-56.625,-65.0625,132.997278385692,28,180
"1854",-56.625,-64.9375,134.265325234153,29,180
"1855",-56.625,-64.8125,116.968377809602,0,180
"1856",-56.625,-64.6875,93.7200469582068,1,180
"1857",-56.625,-64.5625,93.4660593230149,1,180
"1858",-56.625,-64.4375,73.6843472218772,0,180
"1859",-56.625,-64.3125,82.2947250913017,1,180
"1860",-56.625,-64.1875,68.48526097096,1,180
"1861",-56.625,-64.0625,67.190678624297,0,180
"1862",-56.625,-63.9375,76.333918410361,2,180
"1863",-56.625,-63.8125,64.7686890223462,0,180
"1864",-56.625,-63.6875,100.310245490936,1,180
"1865",-56.625,-63.5625,81.5784161965855,3.8402779897054,179.826395670573
"1866",-56.625,-63.4375,104.341992100032,3,180
"1867",-56.625,-63.3125,104.950123320382,4,180
"1868",-56.625,-63.1875,112.796561438998,15,180
"1869",-56.625,-63.0625,104.25388746413,7,180
"1870",-56.625,-62.9375,75.7456969023467,5,180
"1871",-56.625,-62.8125,73.8090286831061,3,180
"1872",-56.625,-62.6875,80.6452383333185,3,180
"1873",-56.625,-62.5625,85.3301790964332,6,180
"1874",-56.625,-62.4375,76.2177841343831,13,179.982645670573
"1875",-56.625,-62.3125,103.881499431751,15,178
"1876",-56.625,-62.1875,106.151225916545,16,180
"1877",-56.625,-62.0625,120.449654208289,17,180
"1878",-56.625,-61.9375,120.16562060764,16,180
"1879",-56.625,-61.8125,124.104192191308,19,179.90625
"1880",-56.625,-61.6875,129.665574374878,20,180
"1881",-56.625,-61.5625,124.61236080784,20,179.694458007812
"1882",-56.625,-61.4375,118.018681395742,37,180
"1883",-56.625,-61.3125,125.395481576578,30,180
"1884",-56.625,-61.1875,120.805414980934,35,180
"1885",-56.625,-61.0625,113.83772445973,37,177.902791341146
"1886",-56.625,-60.9375,116.821998147403,62,162.645833333333
"1887",-56.625,-60.8125,141.277037121001,91,165
"1888",-56.625,-60.6875,122.885418119885,91,163.534729003906
"1889",-56.625,-60.5625,133.928571428571,94,178.5
"1890",-56.625,-60.4375,98,95,101
"1891",-56.625,-60.0625,160.723958333333,146,175.447916666667
"1892",-56.625,-59.9375,171.438659667969,163,177.36806233724
"1893",-56.625,-59.8125,161.032122294108,131,177.444458007812
"1894",-56.625,-59.6875,170.18403116862,160,175.36806233724
"1895",-56.625,-59.5625,170.134263780382,169,171.402791341146
"1896",-56.625,-59.4375,135.472916666667,107,170
"1897",-56.625,-59.3125,149.151389567057,119,166
"1898",-56.625,-59.1875,145.408856709798,117,160.045145670573
"1899",-56.625,-59.0625,148.50038655599,98,165.770833333333
"1900",-56.625,-58.9375,151.239583333333,137.958333333333,161
"1901",-56.625,-58.8125,143,109,161
"1902",-56.625,-58.6875,172.840291341146,172.840291341146,172.840291341146
"1903",-56.625,-58.5625,113,113,113
"1904",-56.625,-58.4375,128.5,118,139
"1905",-56.625,-58.3125,174.7,171,179
"1906",-56.625,-58.1875,180,180,180
"1907",-56.625,-57.9375,125.5,116,135
"1908",-56.375,-75.8125,38.1168604515952,1,154.770833333333
"1909",-56.375,-75.6875,37.5204898727274,1,174.256958007812
"1910",-56.375,-75.5625,50.7914914266637,2,179.256958007812
"1911",-56.375,-75.4375,65.0400173577538,1,179.65625
"1912",-56.375,-75.3125,68.8951247972239,4,170.920145670573
"1913",-56.375,-75.1875,106.086455007394,10,176.729166666667
"1914",-56.375,-75.0625,109.571049922893,12,180
"1915",-56.375,-74.9375,108.19597965378,12,180
"1916",-56.375,-74.8125,107.983037603469,16,180
"1917",-56.375,-74.6875,119.746821010446,20,180
"1918",-56.375,-74.5625,105.065100297362,28,180
"1919",-56.375,-74.4375,108.555595369692,34,180
"1920",-56.375,-74.3125,109.8861478839,49,180
"1921",-56.375,-74.1875,110.618827537254,61,150.069447835286
"1922",-56.375,-74.0625,154.327779134115,134,177
"1923",-56.375,-73.9375,161.5,131,178
"1924",-56.375,-73.3125,130.628571428571,105,157
"1925",-56.375,-73.1875,85.4444444444445,29,125
"1926",-56.375,-73.0625,60.1607142857143,32,126
"1927",-56.375,-72.9375,89.7179487179487,35,157
"1928",-56.375,-72.8125,124.254237288136,51,161
"1929",-56.375,-72.6875,100.50495049505,66,153
"1930",-56.375,-72.5625,98.1217948717949,62,156
"1931",-56.375,-72.4375,109.927419354839,74,155
"1932",-56.375,-72.3125,103.88679245283,46,162
"1933",-56.375,-72.1875,97.952380952381,48,173
"1934",-56.375,-72.0625,94.1971830985916,39,177
"1935",-56.375,-71.9375,96.5487804878049,43,180
"1936",-56.375,-71.8125,99.8533333333333,45,142
"1937",-56.375,-71.6875,119.571428571429,71,133
"1938",-56.375,-71.5625,134,134,134
"1939",-56.375,-66.9375,142,127,161
"1940",-56.375,-66.8125,134.833333333333,110,174
"1941",-56.375,-66.6875,146.153846153846,133,164
"1942",-56.375,-66.5625,141.82,79,180
"1943",-56.375,-66.4375,128.922522853263,79,180
"1944",-56.375,-66.3125,122.907893523005,83,180
"1945",-56.375,-66.1875,124.921787125467,73,180
"1946",-56.375,-66.0625,133.649411986474,78,180
"1947",-56.375,-65.9375,133.795471861453,82,179
"1948",-56.375,-65.8125,136.249855634901,86,180
"1949",-56.375,-65.6875,132.772500542535,80,179.888895670573
"1950",-56.375,-65.5625,120.842097119318,76,180
"1951",-56.375,-65.4375,125.251025458897,45,180
"1952",-56.375,-65.3125,131.622060738358,42,180
"1953",-56.375,-65.1875,134.705683865326,27,180
"1954",-56.375,-65.0625,134.131895693907,29,180
"1955",-56.375,-64.9375,134.819288211283,30,180
"1956",-56.375,-64.8125,136.875267966878,1,180
"1957",-56.375,-64.6875,104.682240721417,1,180
"1958",-56.375,-64.5625,98.0877708903149,2,180
"1959",-56.375,-64.4375,89.9919390473675,1,180
"1960",-56.375,-64.3125,86.7478845597989,2,180
"1961",-56.375,-64.1875,78.8348808992764,1,180
"1962",-56.375,-64.0625,73.1119477212794,1,180
"1963",-56.375,-63.9375,75.4172238511729,3,180
"1964",-56.375,-63.8125,74.6481699368687,1,180
"1965",-56.375,-63.6875,90.1149976345263,1,180
"1966",-56.375,-63.5625,90.826666501439,3,180
"1967",-56.375,-63.4375,105.851630446872,5,180
"1968",-56.375,-63.3125,113.915166366391,15.6701393127441,179.295145670573
"1969",-56.375,-63.1875,77.0658579013492,16,179.55556233724
"1970",-56.375,-63.0625,72.1004881286621,11,174
"1971",-56.375,-62.9375,64.2595652246607,2.72222232818604,180
"1972",-56.375,-62.8125,64.4797733097702,1,180
"1973",-56.375,-62.6875,73.5215947258899,2,180
"1974",-56.375,-62.5625,85.2154934453029,6,180
"1975",-56.375,-62.4375,79.7556572886755,17,175
"1976",-56.375,-62.3125,77.268608630543,23,175.979166666667
"1977",-56.375,-62.1875,94.822688393964,22,178
"1978",-56.375,-62.0625,102.560448955545,20,180
"1979",-56.375,-61.9375,107.780513342759,27,180
"1980",-56.375,-61.8125,120.371581684459,17,180
"1981",-56.375,-61.6875,121.30740477307,18,179.552083333333
"1982",-56.375,-61.5625,124.08988681082,19,180
"1983",-56.375,-61.4375,124.21910973093,35,180
"1984",-56.375,-61.3125,108.11474756654,38,178
"1985",-56.375,-61.1875,130.595542033513,53,180
"1986",-56.375,-61.0625,124.197917760805,36,179
"1987",-56.375,-60.9375,117.149368740263,37,179
"1988",-56.375,-60.8125,127.021767880736,57,179.902791341146
"1989",-56.375,-60.6875,128.536009611907,52,180
"1990",-56.375,-60.5625,136.680495670864,55,180
"1991",-56.375,-60.4375,125.008929055835,53,175
"1992",-56.375,-60.3125,125.422454833984,92,160
"1993",-56.375,-60.1875,102,102,102
"1994",-56.375,-60.0625,176.723958333333,176.447916666667,177
"1995",-56.375,-59.9375,169.666666666667,147,176
"1996",-56.375,-59.8125,135.666666666667,129,148
"1997",-56.375,-59.6875,166.447916666667,166.447916666667,166.447916666667
"1998",-56.375,-59.5625,159.012627803918,125,173.36806233724
"1999",-56.375,-59.4375,163.759615384615,159,168
"2000",-56.375,-59.3125,155.762271457248,118,174.798624674479
"2001",-56.375,-59.1875,155.290925525484,127.84028116862,179.840291341146
"2002",-56.375,-59.0625,150.311967116136,93,175.253479003906
"2003",-56.375,-58.9375,152.939238775344,108,175.798624674479
"2004",-56.375,-58.8125,158.517363048735,147,176.253479003906
"2005",-56.375,-58.6875,138.958333333333,138.958333333333,138.958333333333
"2006",-56.375,-58.5625,138,114,162
"2007",-56.375,-58.4375,137.460072835286,115,173.840291341146
"2008",-56.375,-58.3125,116,116,116
"2009",-56.375,-58.1875,123.333333333333,117,136
"2010",-56.375,-58.0625,118.5,118,119
"2011",-56.375,-57.9375,140,120,179
"2012",-56.375,-57.8125,122,122,122
"2013",-56.375,-57.6875,124.5,124,125
"2014",-56.375,-57.5625,126,126,126
"2015",-56.125,-75.9375,71.3121410303818,8.76388931274414,160.861114501953
"2016",-56.125,-75.8125,33.1633023035123,0,155.61806233724
"2017",-56.125,-75.6875,34.7876753100259,1,179
"2018",-56.125,-75.5625,46.7996037750648,2,178.256958007812
"2019",-56.125,-75.4375,63.6728881553367,4,178.65625
"2020",-56.125,-75.3125,70.3655669974081,7,164.920145670573
"2021",-56.125,-75.1875,92.6453501777748,9,179.663208007812
"2022",-56.125,-75.0625,116.25867767484,13,180
"2023",-56.125,-74.9375,108.26280389788,14,180
"2024",-56.125,-74.8125,110.792813032101,20,179.33681233724
"2025",-56.125,-74.6875,120.973466645687,34,180
"2026",-56.125,-74.5625,120.35979201116,31,179.59375
"2027",-56.125,-74.4375,113.396982311529,42,175.440979003906
"2028",-56.125,-74.3125,120.005581447056,49,179.184041341146
"2029",-56.125,-74.1875,111.583333333333,58,180
"2030",-56.125,-74.0625,136.546298556858,132,140.069447835286
"2031",-56.125,-73.9375,136,122,167
"2032",-56.125,-73.8125,171.225708007812,171.225708007812,171.225708007812
"2033",-56.125,-73.3125,97.5,91,104
"2034",-56.125,-73.1875,125.384615384615,35,165
"2035",-56.125,-73.0625,96.1232876712329,37,180
"2036",-56.125,-72.9375,101.150943396226,37,178
"2037",-56.125,-72.8125,133.478260869565,87,180
"2038",-56.125,-72.6875,114.872,77,170
"2039",-56.125,-72.5625,106.607594936709,77,153
"2040",-56.125,-72.4375,106.947368421053,86,154
"2041",-56.125,-72.3125,107.411764705882,60,127
"2042",-56.125,-72.1875,105.052631578947,61,174
"2043",-56.125,-72.0625,125.125,65,180
"2044",-56.125,-71.9375,111.405405405405,90,178
"2045",-56.125,-71.8125,118.575,91,141
"2046",-56.125,-71.6875,113,112,114
"2047",-56.125,-66.8125,146.357142857143,113,177
"2048",-56.125,-66.6875,138.181818181818,115,179
"2049",-56.125,-66.5625,138.416666666667,132,142
"2050",-56.125,-66.4375,138.75,135,144
"2051",-56.125,-66.3125,140.066666666667,96,179
"2052",-56.125,-66.1875,136.046875,91,180
"2053",-56.125,-66.0625,134.160714285714,88,180
"2054",-56.125,-65.9375,125.071428571429,92,177
"2055",-56.125,-65.8125,137.180327868852,101,180
"2056",-56.125,-65.6875,142.28,100,180
"2057",-56.125,-65.5625,120.622722776133,79,180
"2058",-56.125,-65.4375,128.680254571406,83,180
"2059",-56.125,-65.3125,126.409479820342,52,180
"2060",-56.125,-65.1875,133.755752879572,57,180
"2061",-56.125,-65.0625,137.550804625166,77,180
"2062",-56.125,-64.9375,139.071614880934,32,180
"2063",-56.125,-64.8125,142.891805323971,33,180
"2064",-56.125,-64.6875,132.407941734677,2,180
"2065",-56.125,-64.5625,119.87960058652,3,180
"2066",-56.125,-64.4375,95.6399194720337,0,180
"2067",-56.125,-64.3125,91.4870015720566,1,180
"2068",-56.125,-64.1875,87.1991108111703,1,180
"2069",-56.125,-64.0625,71.4649981742086,0,180
"2070",-56.125,-63.9375,79.9450259776241,1,180
"2071",-56.125,-63.8125,73.3723923115671,0,180
"2072",-56.125,-63.6875,78.449265224671,1,180
"2073",-56.125,-63.5625,77.563563754742,2,180
"2074",-56.125,-63.4375,71.9737715012956,10.9930559794108,170.295145670573
"2075",-56.125,-63.1875,59.6832592528171,35.9583333333333,146.847229003906
"2076",-56.125,-63.0625,51.1707382118931,4,163.83681233724
"2077",-56.125,-62.9375,63.6667265622898,1.72222232818604,180
"2078",-56.125,-62.8125,55.4600536871802,0,180
"2079",-56.125,-62.6875,70.8769594876163,1,180
"2080",-56.125,-62.5625,81.8443970281887,5,180
"2081",-56.125,-62.4375,75.7232756377957,17,171
"2082",-56.125,-62.3125,72.5188430786133,21,180
"2083",-56.125,-62.1875,73.4752026028103,22,180
"2084",-56.125,-62.0625,98.6798254296935,22,178
"2085",-56.125,-61.9375,107.080874475074,21,180
"2086",-56.125,-61.8125,99.9382379362531,27,180
"2087",-56.125,-61.6875,126.132104425059,19,180
"2088",-56.125,-61.5625,128.781437216065,33,180
"2089",-56.125,-61.4375,115.437780107771,34,179.93056233724
"2090",-56.125,-61.3125,112.823922274405,42,180
"2091",-56.125,-61.1875,128.293156885839,48,179.5
"2092",-56.125,-61.0625,125.533776947946,42,180
"2093",-56.125,-60.9375,115.364263511566,39,180
"2094",-56.125,-60.8125,126.616838198488,48,180
"2095",-56.125,-60.6875,146.390215647306,60,179.9375
"2096",-56.125,-60.5625,148.162946449481,77,180
"2097",-56.125,-60.4375,139.347364408476,81,176.965291341146
"2098",-56.125,-60.3125,131.564069522324,56,180
"2099",-56.125,-60.1875,120.422454833984,54,173
"2100",-56.125,-60.0625,147.289583333333,103,178
"2101",-56.125,-59.9375,103,103,103
"2102",-56.125,-59.8125,175.444458007812,175.444458007812,175.444458007812
"2103",-56.125,-59.6875,139.270339239211,105,174.444458007812
"2104",-56.125,-59.5625,157.298149956597,106,171.36806233724
"2105",-56.125,-59.4375,159.196850116436,141,174.253479003906
"2106",-56.125,-59.3125,155.41319548778,117,169
"2107",-56.125,-59.1875,151.987717066056,119,178.840291341146
"2108",-56.125,-59.0625,141.893700232873,97,176.840291341146
"2109",-56.125,-58.9375,142.978589375814,96,167.40278116862
"2110",-56.125,-58.8125,139.176550449469,94,176.798624674479
"2111",-56.125,-58.6875,135,122,148
"2112",-56.125,-58.4375,122,122,122
"2113",-56.125,-58.3125,141,141,141
"2114",-56.125,-57.9375,180,180,180
"2115",-56.125,-57.8125,123,123,123
"2116",-56.125,-57.3125,127,127,127
"2117",-55.875,-75.9375,67.9753332656154,6.90625,179.038208007812
"2118",-55.875,-75.8125,41.6309982590661,1,164.49306233724
"2119",-55.875,-75.6875,27.7178716008443,1,180
"2120",-55.875,-75.5625,46.2328756371137,2,180
"2121",-55.875,-75.4375,39.3720184153756,3,175.465291341146
"2122",-55.875,-75.3125,75.5986056528431,6,179.61806233724
"2123",-55.875,-75.1875,110.968229900924,10,178.663208007812
"2124",-55.875,-75.0625,126.577425815297,23,179
"2125",-55.875,-74.9375,119.791287968953,30,179.875
"2126",-55.875,-74.8125,119.325233439758,31,178.263895670573
"2127",-55.875,-74.6875,128.509768168132,36,179.482645670573
"2128",-55.875,-74.5625,132.987807535807,66.9583333333333,175
"2129",-55.875,-74.4375,133.128893841754,68.9583333333333,179.440979003906
"2130",-55.875,-74.3125,130.720575241815,54,179.913208007812
"2131",-55.875,-74.1875,122.696180979411,57,179
"2132",-55.875,-74.0625,147.749234799986,117,179.559041341146
"2133",-55.875,-73.9375,166.568059082031,159,179.74306233724
"2134",-55.875,-73.8125,175.641066233317,169.225697835286,180
"2135",-55.875,-73.1875,113.285714285714,79,169
"2136",-55.875,-73.0625,99.1044776119403,48,180
"2137",-55.875,-72.9375,97.4186046511628,70,150
"2138",-55.875,-72.8125,149.029411764706,120,180
"2139",-55.875,-72.6875,146.129032258065,111,169
"2140",-55.875,-72.5625,124.761904761905,83,152
"2141",-55.875,-72.4375,115.166666666667,92,124
"2142",-55.875,-72.1875,152,103,172
"2143",-55.875,-72.0625,141.5,106,175
"2144",-55.875,-71.9375,120.555555555556,112,130
"2145",-55.875,-71.8125,131.8,129,134
"2146",-55.875,-66.8125,135,134,136
"2147",-55.875,-66.6875,137.217391304348,120,180
"2148",-55.875,-66.5625,143.727272727273,142,146
"2149",-55.875,-66.4375,149,146,152
"2150",-55.875,-66.3125,150.5,148,153
"2151",-55.875,-66.1875,155,154,156
"2152",-55.875,-66.0625,144,103,158
"2153",-55.875,-65.9375,104,104,104
"2154",-55.875,-65.8125,105.5,105,106
"2155",-55.875,-65.6875,137.4375,105,167
"2156",-55.875,-65.5625,130.028590048513,81,177
"2157",-55.875,-65.4375,124.681590332511,86,180
"2158",-55.875,-65.3125,128.840605167743,87,180
"2159",-55.875,-65.1875,131.171325924035,60,180
"2160",-55.875,-65.0625,135.05907643952,62,180
"2161",-55.875,-64.9375,137.55686990667,68,180
"2162",-55.875,-64.8125,138.727002607393,65,180
"2163",-55.875,-64.6875,139.043257897738,4,180
"2164",-55.875,-64.5625,134.356515697404,4,180
"2165",-55.875,-64.4375,117.856829208536,1,180
"2166",-55.875,-64.3125,95.967622006311,1,180
"2167",-55.875,-64.1875,96.1090879503018,2,180
"2168",-55.875,-64.0625,86.1170947793971,1,180
"2169",-55.875,-63.9375,77.5002990986513,1,180
"2170",-55.875,-63.8125,80.4413506335078,1,180
"2171",-55.875,-63.6875,74.8524920887417,1,180
"2172",-55.875,-63.5625,56.0145412930099,2,180
"2173",-55.875,-63.3125,66.8336760925173,13.4722226460775,179.93056233724
"2174",-55.875,-63.1875,48.2844188271499,1.96527783075968,164.5625
"2175",-55.875,-63.0625,57.0153188003531,1,179.3125
"2176",-55.875,-62.9375,71.9644201142008,2,180
"2177",-55.875,-62.8125,61.073890922416,1,180
"2178",-55.875,-62.6875,75.7630958518124,2,180
"2179",-55.875,-62.5625,80.9282592504692,3,179
"2180",-55.875,-62.4375,80.5599989714446,13,178
"2181",-55.875,-62.3125,78.5413449060349,18,173.715291341146
"2182",-55.875,-62.1875,79.5194832130715,20,180
"2183",-55.875,-62.0625,70.0051753704364,20,172
"2184",-55.875,-61.9375,118.115787826011,22,180
"2185",-55.875,-61.8125,111.479824932014,23,180
"2186",-55.875,-61.6875,112.24093535902,20,179.927083333333
"2187",-55.875,-61.5625,107.337383184894,21,179.715291341146
"2188",-55.875,-61.4375,108.90903329744,39,178.93056233724
"2189",-55.875,-61.3125,114.467766468919,44,179.885416666667
"2190",-55.875,-61.1875,130.730702463786,72,180
"2191",-55.875,-61.0625,128.685154699901,55,179.986124674479
"2192",-55.875,-60.9375,121.571042434432,42,180
"2193",-55.875,-60.8125,123.711791198917,46,180
"2194",-55.875,-60.6875,141.239062862309,69.65625,179.590291341146
"2195",-55.875,-60.5625,139.86699079759,79,179.96875
"2196",-55.875,-60.4375,142.913025101805,91,179.28125
"2197",-55.875,-60.3125,146.171244534579,87,179.5
"2198",-55.875,-60.1875,113.397048950195,57,161
"2199",-55.875,-60.0625,105.5,67,144
"2200",-55.875,-59.9375,141.666666666667,105,175
"2201",-55.875,-59.8125,104,104,104
"2202",-55.875,-59.6875,168.94618733724,164.447916666667,173.444458007812
"2203",-55.875,-59.5625,160.948693169488,135.958333333333,173.798624674479
"2204",-55.875,-59.4375,150.711574978299,118,171.604166666667
"2205",-55.875,-59.3125,152.046876453218,110,169.798614501953
"2206",-55.875,-59.1875,141.238891601562,92,174.840291341146
"2207",-55.875,-59.0625,155.59821719215,125.84028116862,167.444447835286
"2208",-55.875,-58.9375,161.549192640516,146,177.798624674479
"2209",-55.875,-58.8125,146.09664577908,114,177.253479003906
"2210",-55.875,-58.6875,133.75,123,163
"2211",-55.875,-58.4375,145.5,145,146
"2212",-55.875,-58.3125,132.5,123,142
"2213",-55.875,-58.1875,174.840291341146,174.840291341146,174.840291341146
"2214",-55.625,-75.9375,49.9604714956039,15.9791666666667,118.27778116862
"2215",-55.625,-75.8125,43.9280214458042,0,166.111114501953
"2216",-55.625,-75.6875,32.0752064534631,1,148.34375
"2217",-55.625,-75.5625,47.4404347523562,2,173.361124674479
"2218",-55.625,-75.4375,39.1379707903901,4,144.885416666667
"2219",-55.625,-75.3125,100.446244012742,7,169.420145670573
"2220",-55.625,-75.1875,126.156117658078,9,178.951395670573
"2221",-55.625,-75.0625,130.246593643723,22,180
"2222",-55.625,-74.9375,118.957392557258,27,179.479166666667
"2223",-55.625,-74.8125,119.701930663595,62,179.263895670573
"2224",-55.625,-74.6875,129.83199162637,41,179.947916666667
"2225",-55.625,-74.5625,135.967819119677,43,180
"2226",-55.625,-74.4375,132.032170314415,48,180
"2227",-55.625,-74.3125,134.568722195095,52,160.913197835286
"2228",-55.625,-74.1875,153.225830469376,107,180
"2229",-55.625,-74.0625,162.210588334917,113,179.6875
"2230",-55.625,-73.9375,162.179464646328,140.225697835286,180
"2231",-55.625,-73.8125,164.388891601563,150.972229003906,174
"2232",-55.625,-73.6875,155.115086146763,152.972229003906,157.972229003906
"2233",-55.625,-73.0625,73,72,74
"2234",-55.625,-72.9375,128,127,129
"2235",-55.625,-72.8125,171.571428571429,163,176
"2236",-55.625,-72.6875,135.806451612903,106,164
"2237",-55.625,-72.5625,151.368421052632,122,180
"2238",-55.625,-72.3125,162.666666666667,162,163
"2239",-55.625,-66.6875,152.857142857143,139,169
"2240",-55.625,-66.5625,141.333333333333,127,170
"2241",-55.625,-66.4375,152.823529411765,145,159
"2242",-55.625,-66.3125,158,155,161
"2243",-55.625,-66.1875,161,160,162
"2244",-55.625,-66.0625,165.5,159,172
"2245",-55.625,-65.9375,160,160,160
"2246",-55.625,-65.8125,173,171,175
"2247",-55.625,-65.6875,177,176,178
"2248",-55.625,-65.5625,126.038628896077,83,178
"2249",-55.625,-65.4375,130.377777777778,83,180
"2250",-55.625,-65.3125,128.896363330256,90,180
"2251",-55.625,-65.1875,133.122987747192,94,180
"2252",-55.625,-65.0625,137.446137852661,99,180
"2253",-55.625,-64.9375,137.197541990821,98,180
"2254",-55.625,-64.8125,138.477463213603,77,180
"2255",-55.625,-64.6875,139.022195745397,68,180
"2256",-55.625,-64.5625,135.120782248994,6,180
"2257",-55.625,-64.4375,131.392146621304,2,180
"2258",-55.625,-64.3125,119.343873875742,2,180
"2259",-55.625,-64.1875,107.551006144157,2,180
"2260",-55.625,-64.0625,94.7251672536785,2,180
"2261",-55.625,-63.9375,77.1595843611964,2,180
"2262",-55.625,-63.8125,72.3558942141197,0,180
"2263",-55.625,-63.6875,69.4502882467434,1,180
"2264",-55.625,-63.5625,46.3336830520473,1,180
"2265",-55.625,-63.4375,45.3506163276519,0,180
"2266",-55.625,-63.3125,77.4383301377195,1,179.9375
"2267",-55.625,-63.1875,50.5908259278503,1.87847232818604,168.829864501953
"2268",-55.625,-63.0625,40.2806767091994,0,180
"2269",-55.625,-62.9375,78.1741976753586,4,180
"2270",-55.625,-62.8125,55.8047817438043,0,180
"2271",-55.625,-62.6875,60.8270728428238,1,180
"2272",-55.625,-62.5625,71.5015514984833,2,180
"2273",-55.625,-62.4375,78.5396527037051,4,179.881958007812
"2274",-55.625,-62.3125,81.4922613886944,14,175
"2275",-55.625,-62.1875,74.2060380625659,20,180
"2276",-55.625,-62.0625,69.5650745698775,19,179
"2277",-55.625,-61.9375,114.575790796524,23,180
"2278",-55.625,-61.8125,117.04645293479,24,180
"2279",-55.625,-61.6875,107.427739493495,30,180
"2280",-55.625,-61.5625,101.874584494697,22,179.947916666667
"2281",-55.625,-61.4375,114.130506038006,46,175.93056233724
"2282",-55.625,-61.3125,117.408758412237,47,179.77431233724
"2283",-55.625,-61.1875,105.525449471132,53,150.010416666667
"2284",-55.625,-61.0625,116.291667970837,62,152.010416666667
"2285",-55.625,-60.9375,118.171691028784,53,180
"2286",-55.625,-60.8125,113.00949109025,43,180
"2287",-55.625,-60.6875,135.336951554026,54,180
"2288",-55.625,-60.5625,148.993705330314,93,179.354166666667
"2289",-55.625,-60.4375,143.368635888193,96,180
"2290",-55.625,-60.3125,142.031992051866,102,179.246541341146
"2291",-55.625,-60.1875,127.377977401491,71,173
"2292",-55.625,-60.0625,115.359028116862,55,179
"2293",-55.625,-59.9375,117.349702380952,78,178.447916666667
"2294",-55.625,-59.8125,126.8,99,176
"2295",-55.625,-59.6875,146.928571428571,108,179.604166666667
"2296",-55.625,-59.5625,156.48582288954,100,178.604166666667
"2297",-55.625,-59.4375,150.242426091974,101,169.253479003906
"2298",-55.625,-59.3125,147.277317301432,105,178.798624674479
"2299",-55.625,-59.1875,146.863322864879,88,173.840291341146
"2300",-55.625,-59.0625,146.431090526092,109,168.604166666667
"2301",-55.625,-58.9375,154.881945800781,144,160.364583333333
"2302",-55.625,-58.5625,144,144,144
"2303",-55.625,-58.4375,132,124,147
"2304",-55.625,-56.8125,128,128,128
"2305",-55.375,-75.9375,56.7585030350031,26,141.427083333333
"2306",-55.375,-75.8125,63.0160492138985,1,168.111114501953
"2307",-55.375,-75.6875,44.7507186914704,1,166.49306233724
"2308",-55.375,-75.5625,53.6224239458685,3,176.361124674479
"2309",-55.375,-75.4375,63.8044334951073,5,150.913197835286
"2310",-55.375,-75.3125,99.3976560763227,7,168.420145670573
"2311",-55.375,-75.1875,123.801115523169,15,179.951395670573
"2312",-55.375,-75.0625,134.394713859248,55,179.80556233724
"2313",-55.375,-74.9375,118.360289193242,57,177.434041341146
"2314",-55.375,-74.8125,127.741983239278,64,180
"2315",-55.375,-74.6875,127.586614215185,66,177
"2316",-55.375,-74.5625,137.183793256072,75,180
"2317",-55.375,-74.4375,137.537259615385,98,156
"2318",-55.375,-74.3125,146.265732879011,103,179.96875
"2319",-55.375,-74.1875,154.872585296631,106,179.64931233724
"2320",-55.375,-74.0625,154.543766657511,129.225697835286,180
"2321",-55.375,-73.9375,158.59502675582,137,180
"2322",-55.375,-73.8125,156.492426091974,144.972229003906,173
"2323",-55.375,-73.6875,166.761651808216,157,180
"2324",-55.375,-73.5625,179.472229003906,178.972229003906,179.972229003906
"2325",-55.375,-72.6875,152.210526315789,127,172
"2326",-55.375,-72.3125,161,161,161
"2327",-55.375,-66.5625,148.666666666667,130,172
"2328",-55.375,-66.4375,147.666666666667,147,148
"2329",-55.375,-66.1875,165.090909090909,162,169
"2330",-55.375,-66.0625,171.4375,166,176
"2331",-55.375,-65.9375,170.4375,161,180
"2332",-55.375,-65.8125,170,170,170
"2333",-55.375,-65.6875,179.5,179,180
"2334",-55.375,-65.5625,115.215278394295,99,126
"2335",-55.375,-65.4375,133.985852141878,89,180
"2336",-55.375,-65.3125,133.545977011494,97,180
"2337",-55.375,-65.1875,133.184357541899,98,180
"2338",-55.375,-65.0625,136.14835590243,101,180
"2339",-55.375,-64.9375,138.865521817594,102,180
"2340",-55.375,-64.8125,143.353741496599,104,180
"2341",-55.375,-64.6875,135.785191716375,69,176
"2342",-55.375,-64.5625,134.693784187176,7,180
"2343",-55.375,-64.4375,131.361749900962,8,180
"2344",-55.375,-64.3125,128.207600181954,10,180
"2345",-55.375,-64.1875,126.539782140039,3,180
"2346",-55.375,-64.0625,102.451832955783,5,180
"2347",-55.375,-63.9375,96.4810059550572,4,180
"2348",-55.375,-63.8125,84.3660405611981,2,179
"2349",-55.375,-63.6875,70.0276581392116,1,180
"2350",-55.375,-63.5625,54.8062666818153,1,180
"2351",-55.375,-63.4375,69.6516719456315,1,180
"2352",-55.375,-63.3125,76.0936629464755,2,179.979166666667
"2353",-55.375,-63.1875,77.6541387492176,1.89583333333333,180
"2354",-55.375,-63.0625,80.8107690452178,1,180
"2355",-55.375,-62.9375,78.4138855698302,2,180
"2356",-55.375,-62.8125,72.8812843075505,1,180
"2357",-55.375,-62.6875,74.9869122964365,1,180
"2358",-55.375,-62.5625,63.4890544900966,2,176
"2359",-55.375,-62.4375,73.2285374063284,4,177.125
"2360",-55.375,-62.3125,80.9954575274221,11,179.125
"2361",-55.375,-62.1875,67.1877923412858,16,176.86806233724
"2362",-55.375,-62.0625,67.2083336606671,18,178
"2363",-55.375,-61.9375,94.1324503311258,22,180
"2364",-55.375,-61.8125,116.716238958877,27,180
"2365",-55.375,-61.6875,112.397704899855,25,180
"2366",-55.375,-61.5625,110.893535141472,23.4756952921549,180
"2367",-55.375,-61.4375,115.565961244371,24.1701405843099,179.871541341146
"2368",-55.375,-61.3125,116.578706172475,50.4513905843099,177.77431233724
"2369",-55.375,-61.1875,127.077729053986,85.9444478352865,144.05556233724
"2370",-55.375,-61.0625,111.367560977028,93.7604166666667,144.954864501953
"2371",-55.375,-60.9375,122.505993213529,43,180
"2372",-55.375,-60.8125,113.250787844603,37,179
"2373",-55.375,-60.6875,148.925208682106,62,179.958333333333
"2374",-55.375,-60.5625,149.924118041992,83,180
"2375",-55.375,-60.4375,146.289816736292,86,180
"2376",-55.375,-60.3125,149.465184599297,99,180
"2377",-55.375,-60.1875,126.177228715685,58,174
"2378",-55.375,-60.0625,126.395210461739,56,174
"2379",-55.375,-59.9375,124.648104154147,81,179.447916666667
"2380",-55.375,-59.8125,139.887152777778,84,180
"2381",-55.375,-59.6875,121.756597900391,73,159
"2382",-55.375,-59.5625,139.509216308594,80,180
"2383",-55.375,-59.4375,131.914435250419,87,179.253479003906
"2384",-55.375,-59.3125,132.814930725098,74,178
"2385",-55.375,-59.1875,142.69005972879,77,178.253479003906
"2386",-55.375,-59.0625,147.740279134115,111,170.798624674479
"2387",-55.375,-58.9375,131.245535714286,89,159
"2388",-55.375,-58.4375,138,128,148
"2389",-55.375,-58.0625,175.840291341146,175.840291341146,175.840291341146
"2390",-55.125,-76.0625,57.0191772345341,37.8541666666667,78.5277811686198
"2391",-55.125,-75.9375,62.8677280250637,30.7395833333333,166.61806233724
"2392",-55.125,-75.8125,76.8972009335711,3,169.111114501953
"2393",-55.125,-75.6875,86.5039462981486,3,171.600708007812
"2394",-55.125,-75.5625,78.2587256979208,4,179.361124674479
"2395",-55.125,-75.4375,91.0849887908451,40.84375,167.420145670573
"2396",-55.125,-75.3125,98.1282612335988,48,174.61806233724
"2397",-55.125,-75.1875,119.55079287044,44,179.920145670573
"2398",-55.125,-75.0625,130.510365491036,54,180
"2399",-55.125,-74.9375,133.24539040333,64,179.39931233724
"2400",-55.125,-74.8125,137.257924322434,74,179.947916666667
"2401",-55.125,-74.6875,141.921453706718,73,180
"2402",-55.125,-74.5625,154.93317792569,117,179.465291341146
"2403",-55.125,-74.4375,149.182723008193,95,179.8125
"2404",-55.125,-74.3125,154.90468507172,102,180
"2405",-55.125,-74.1875,156.138493772413,116,179.8125
"2406",-55.125,-74.0625,153.536280840293,130,176
"2407",-55.125,-73.9375,162.880287059839,141,178.295145670573
"2408",-55.125,-73.8125,166,166,166
"2409",-55.125,-73.6875,170.888891601563,166,175.972229003906
"2410",-55.125,-73.5625,177.472229003906,176.972229003906,177.972229003906
"2411",-55.125,-72.6875,160.333333333333,145,169
"2412",-55.125,-72.5625,149.5,146,155
"2413",-55.125,-72.4375,154.75,152,160
"2414",-55.125,-66.5625,144,144,144
"2415",-55.125,-66.4375,147.933333333333,131,175
"2416",-55.125,-66.3125,146.75,136,152
"2417",-55.125,-65.9375,178.5,178,179
"2418",-55.125,-65.5625,105,91,119
"2419",-55.125,-65.4375,124.385943171954,92,174
"2420",-55.125,-65.3125,139.242818890196,94,176
"2421",-55.125,-65.1875,150.997307394638,98,179
"2422",-55.125,-65.0625,151.869250663292,99,180
"2423",-55.125,-64.9375,144.677702045876,101,180
"2424",-55.125,-64.8125,145.216254870097,106,179
"2425",-55.125,-64.6875,133.3125,110,180
"2426",-55.125,-64.5625,132.618403116862,8,173
"2427",-55.125,-64.4375,128.646795556248,9,180
"2428",-55.125,-64.3125,128.484557180694,12,179
"2429",-55.125,-64.1875,120.216911831193,14,180
"2430",-55.125,-64.0625,108.341564567416,6,176
"2431",-55.125,-63.9375,106.651948124755,6,180
"2432",-55.125,-63.8125,109.18404217361,6,180
"2433",-55.125,-63.6875,84.2228652814242,2,180
"2434",-55.125,-63.5625,68.9188330161735,2,180
"2435",-55.125,-63.4375,67.2302248059721,0,180
"2436",-55.125,-63.3125,70.3334511234038,1,180
"2437",-55.125,-63.1875,71.7606175081611,1,180
"2438",-55.125,-63.0625,61.4646075546987,0,180
"2439",-55.125,-62.9375,69.9546408876925,1,180
"2440",-55.125,-62.8125,74.6851331478175,3,180
"2441",-55.125,-62.6875,73.8710158710889,8,180
"2442",-55.125,-62.5625,82.6425512114309,9,180
"2443",-55.125,-62.4375,78.8329011323846,9,180
"2444",-55.125,-62.3125,65.6036398521455,12,171.86806233724
"2445",-55.125,-62.1875,67.0958570273181,17,174.86806233724
"2446",-55.125,-62.0625,67.5126771507023,16,180
"2447",-55.125,-61.9375,88.6287425149701,20,176
"2448",-55.125,-61.8125,85.6299519972368,26,180
"2449",-55.125,-61.6875,117.694941840208,26,180
"2450",-55.125,-61.5625,126.489941815248,37,180
"2451",-55.125,-61.4375,111.762183679402,30.1701405843099,178.034729003906
"2452",-55.125,-61.3125,123.952957244146,54.9375,180
"2453",-55.125,-61.1875,143.86365564858,88.9444478352865,179.21181233724
"2454",-55.125,-61.0625,105.266720618731,51.9479166666667,177.708333333333
"2455",-55.125,-60.9375,116.198548047399,36,180
"2456",-55.125,-60.8125,112.634305467793,38,179
"2457",-55.125,-60.6875,149.292088980627,83,180
"2458",-55.125,-60.5625,153.812502297022,84,180
"2459",-55.125,-60.4375,147.301902637147,62,178.645833333333
"2460",-55.125,-60.3125,141.948876099568,58,179.319458007812
"2461",-55.125,-60.1875,133.128022935655,57,175.645833333333
"2462",-55.125,-60.0625,140.658334350586,93,171
"2463",-55.125,-59.9375,135.618695443137,72,178
"2464",-55.125,-59.8125,132.411865234375,82,179
"2465",-55.125,-59.6875,140.39269789829,70,178
"2466",-55.125,-59.5625,137.572146380389,83,172.798624674479
"2467",-55.125,-59.4375,129.552084181044,76,170.604166666667
"2468",-55.125,-59.3125,141.186595087466,75,180
"2469",-55.125,-59.1875,140.636575204355,85,179
"2470",-55.125,-59.0625,144.700522104899,81,180
"2471",-55.125,-58.9375,157.149621212121,145,168
"2472",-55.125,-58.8125,162,162,162
"2473",-55.125,-57.0625,130.5,130,131
"2474",-54.875,-76.0625,63.9447485882303,41.7881952921549,147.420145670573
"2475",-54.875,-75.9375,76.0834160146787,43.9652811686198,167.61806233724
"2476",-54.875,-75.8125,77.0413424173991,34,176.600708007812
"2477",-54.875,-75.6875,89.6972811951929,37,179.600708007812
"2478",-54.875,-75.5625,106.891737015521,38.84375,179
"2479",-54.875,-75.4375,102.019256869229,46,179.111124674479
"2480",-54.875,-75.3125,98.8604884338379,43,176.798624674479
"2481",-54.875,-75.1875,122.7562765378,46.9583333333333,179.798624674479
"2482",-54.875,-75.0625,127.331562015182,61,179.746541341146
"2483",-54.875,-74.9375,124.081838158657,65,180
"2484",-54.875,-74.8125,138.515851998035,72,179.559041341146
"2485",-54.875,-74.6875,134.179218842914,76,180
"2486",-54.875,-74.5625,137.831663568336,83,180
"2487",-54.875,-74.4375,141.983215017417,92,180
"2488",-54.875,-74.3125,142.45341712104,99,174.548624674479
"2489",-54.875,-74.1875,148.471814922258,125,169
"2490",-54.875,-74.0625,145,137,160
"2491",-54.875,-73.6875,175.5,172,179
"2492",-54.875,-72.5625,154,149,157
"2493",-54.875,-72.4375,158.5,158,159
"2494",-54.875,-66.4375,161.5,147,176
"2495",-54.875,-66.3125,153.1875,137,178
"2496",-54.875,-66.1875,152.266666666667,139,179
"2497",-54.875,-65.8125,180,180,180
"2498",-54.875,-65.3125,134.272727272727,98,177
"2499",-54.875,-65.1875,145,98,180
"2500",-54.875,-65.0625,155.090909090909,101,180
"2501",-54.875,-64.9375,138.705882352941,103,174
"2502",-54.875,-64.8125,149.4,121,176
"2503",-54.875,-64.6875,139,139,139
"2504",-54.875,-64.5625,136.375,121,150
"2505",-54.875,-64.4375,138.892830513619,13,171
"2506",-54.875,-64.3125,135.649122807018,12,180
"2507",-54.875,-64.1875,125.643835616438,17,180
"2508",-54.875,-64.0625,116.954004461115,7,176
"2509",-54.875,-63.9375,108.182329897479,8,180
"2510",-54.875,-63.8125,106.795327492288,7,180
"2511",-54.875,-63.6875,82.995293401581,5,180
"2512",-54.875,-63.5625,81.9214557523882,4,180
"2513",-54.875,-63.4375,87.183992409942,1,180
"2514",-54.875,-63.3125,73.8811870832785,1,180
"2515",-54.875,-63.1875,74.0306900695781,1,180
"2516",-54.875,-63.0625,78.1855820426609,1,180
"2517",-54.875,-62.9375,69.3387073522746,1,180
"2518",-54.875,-62.8125,71.8546822388967,6,180
"2519",-54.875,-62.6875,69.8566443292092,7,180
"2520",-54.875,-62.5625,80.9492504027914,7,180
"2521",-54.875,-62.4375,73.8589520751622,9,180
"2522",-54.875,-62.3125,71.7434807948244,14,180
"2523",-54.875,-62.1875,70.3029827617464,15,173.86806233724
"2524",-54.875,-62.0625,69.2140213981507,19,179
"2525",-54.875,-61.9375,60.5377077477001,23,152
"2526",-54.875,-61.8125,94.2489564046694,25,180
"2527",-54.875,-61.6875,98.9400506776752,30,180
"2528",-54.875,-61.5625,119.161754364663,28,180
"2529",-54.875,-61.4375,123.910359070111,29,180
"2530",-54.875,-61.3125,117.160524070978,52,179.857645670573
"2531",-54.875,-61.1875,130.798468610975,64,178.21181233724
"2532",-54.875,-61.0625,114.058129581404,50.9479166666667,178
"2533",-54.875,-60.9375,112.015910842921,35,179
"2534",-54.875,-60.8125,115.041290677487,40,180
"2535",-54.875,-60.6875,140.927084530101,64,180
"2536",-54.875,-60.5625,151.73513730367,60,180
"2537",-54.875,-60.4375,142.760569807412,59,179.548624674479
"2538",-54.875,-60.3125,145.946908846768,73,178.770833333333
"2539",-54.875,-60.1875,141.182223510742,76,180
"2540",-54.875,-60.0625,139.40188613165,58.1701405843099,174
"2541",-54.875,-59.9375,139.031467543708,56.1701405843099,179.034729003906
"2542",-54.875,-59.8125,132.073013729519,57.1701405843099,179.184041341146
"2543",-54.875,-59.6875,142.89112968855,84,179
"2544",-54.875,-59.5625,143.385418435802,95,180
"2545",-54.875,-59.4375,135.632937476749,83,168.84028116862
"2546",-54.875,-59.3125,131.936510358538,78,171.798624674479
"2547",-54.875,-59.1875,147.096065945095,105,178.6875
"2548",-54.875,-59.0625,144.74375,108,165
"2549",-54.875,-58.9375,150.210072835286,104,179.840291341146
"2550",-54.875,-58.8125,163,163,163
"2551",-54.875,-58.6875,168.71875,168.71875,168.71875
"2552",-54.875,-58.4375,139,129,149
"2553",-54.875,-56.9375,130.5,129,132
"2554",-54.875,-56.5625,133,133,133
"2555",-54.625,-76.0625,148.920145670573,148.420145670573,149.420145670573
"2556",-54.625,-75.9375,99.8685916998447,58.8611145019531,168.61806233724
"2557",-54.625,-75.8125,76.0524779985536,37,141.722229003906
"2558",-54.625,-75.6875,76.0695237291886,38,178.538208007812
"2559",-54.625,-75.5625,107.113709829386,39,180
"2560",-54.625,-75.4375,101.873592061965,41,176.49306233724
"2561",-54.625,-75.3125,98.6215290007044,42,180
"2562",-54.625,-75.1875,143.27142554709,57,180
"2563",-54.625,-75.0625,148.917693413628,70,179.909729003906
"2564",-54.625,-74.9375,148.698315720331,78,180
"2565",-54.625,-74.8125,144.972162700835,98,180
"2566",-54.625,-74.6875,138.828945384306,81,178.71181233724
"2567",-54.625,-74.5625,142.947733014288,84,179.722229003906
"2568",-54.625,-74.4375,152.101949462891,92,179.927083333333
"2569",-54.625,-74.3125,143.344160491345,110,156.6875
"2570",-54.625,-74.1875,133,132,134
"2571",-54.625,-73.6875,180,180,180
"2572",-54.625,-66.3125,150.333333333333,149,151
"2573",-54.625,-66.1875,159.681818181818,145,180
"2574",-54.625,-66.0625,165.727272727273,143,177
"2575",-54.625,-65.9375,175.928571428571,171,180
"2576",-54.625,-64.9375,119,119,119
"2577",-54.625,-64.8125,120,120,120
"2578",-54.625,-64.4375,142.919147309803,127,167
"2579",-54.625,-64.3125,132.844077824047,15,169
"2580",-54.625,-64.1875,131.007361246745,18,179
"2581",-54.625,-64.0625,115.28762525548,11,177
"2582",-54.625,-63.9375,107.134920839862,11,178
"2583",-54.625,-63.8125,107.890151728561,13,180
"2584",-54.625,-63.6875,84.2107714524506,14,179
"2585",-54.625,-63.5625,83.7485552575161,8,180
"2586",-54.625,-63.4375,55.3201890103621,0,180
"2587",-54.625,-63.3125,58.5950937227809,1,180
"2588",-54.625,-63.1875,82.5321338710014,1,180
"2589",-54.625,-63.0625,71.7254721220247,0,180
"2590",-54.625,-62.9375,83.2362087268045,1,180
"2591",-54.625,-62.8125,82.0776751341643,3,179
"2592",-54.625,-62.6875,68.4409210280617,6,180
"2593",-54.625,-62.5625,73.8374193033084,6,180
"2594",-54.625,-62.4375,66.6454132792803,8,179
"2595",-54.625,-62.3125,70.5610798228871,15,180
"2596",-54.625,-62.1875,64.0032213110673,17,176
"2597",-54.625,-62.0625,68.3572636509801,18,177
"2598",-54.625,-61.9375,59.6029411764706,22,114
"2599",-54.625,-61.8125,66.6949348000919,36,115.267364501953
"2600",-54.625,-61.6875,90.4874484084294,27,180
"2601",-54.625,-61.5625,99.890502665466,35,180
"2602",-54.625,-61.4375,113.128198088502,30,180
"2603",-54.625,-61.3125,127.685165716224,32,180
"2604",-54.625,-61.1875,108.513948602191,37,180
"2605",-54.625,-61.0625,109.701878441705,34,178.989583333333
"2606",-54.625,-60.9375,114.306148932232,39,179.989583333333
"2607",-54.625,-60.8125,117.198973647109,39,179.097229003906
"2608",-54.625,-60.6875,140.313420464011,45,179.965291341146
"2609",-54.625,-60.5625,143.789619070585,61,179.239583333333
"2610",-54.625,-60.4375,149.041833907839,61.1701405843099,180
"2611",-54.625,-60.3125,149.747842068142,82,180
"2612",-54.625,-60.1875,141.593583021707,77,179.770833333333
"2613",-54.625,-60.0625,142.293202718099,81,178.184041341146
"2614",-54.625,-59.9375,143.219552064553,66,180
"2615",-54.625,-59.8125,130.883382161458,67,176.18056233724
"2616",-54.625,-59.6875,126.483440790421,56,179.34375
"2617",-54.625,-59.5625,135.673705504821,76,173.34375
"2618",-54.625,-59.4375,141.911560656978,90,179.6875
"2619",-54.625,-59.3125,156.156686147054,128.59028116862,179
"2620",-54.625,-59.1875,153.203127543132,150,155.444447835286
"2621",-54.625,-58.9375,133.5,133,134
"2622",-54.625,-58.6875,169.71875,169.71875,169.71875
"2623",-54.625,-58.5625,130,130,130
"2624",-54.625,-58.1875,176.840291341146,176.840291341146,176.840291341146
"2625",-54.375,-76.0625,150.920145670573,150.420145670573,151.420145670573
"2626",-54.375,-75.8125,101.124797447055,59.8611145019531,169.61806233724
"2627",-54.375,-75.6875,95.5371754964193,47.5381978352865,170.61806233724
"2628",-54.375,-75.5625,85.8564837420428,43,175.111124674479
"2629",-54.375,-75.4375,118.251118705386,46,177.49306233724
"2630",-54.375,-75.3125,128.716976476599,48,179.84375
"2631",-54.375,-75.1875,148.986573822644,100.138895670573,180
"2632",-54.375,-75.0625,150.906370346156,99.40625,179.423624674479
"2633",-54.375,-74.9375,152.688248311193,79,180
"2634",-54.375,-74.8125,142.502517159103,106.972229003906,179.263895670573
"2635",-54.375,-74.6875,143.032122929891,107.02431233724,179.71181233724
"2636",-54.375,-74.5625,139.152246132875,95,178.927083333333
"2637",-54.375,-74.4375,145.410701640168,104,180
"2638",-54.375,-74.3125,166.621881103516,128,179.02431233724
"2639",-54.375,-66.3125,150,150,150
"2640",-54.375,-66.1875,152.5,152,153
"2641",-54.375,-66.0625,158.466666666667,148,174
"2642",-54.375,-65.9375,166.357142857143,156,180
"2643",-54.375,-65.8125,168,168,168
"2644",-54.375,-64.3125,136.2,129,159
"2645",-54.375,-64.1875,106.555555555556,17,161
"2646",-54.375,-64.0625,102.142857142857,19,160
"2647",-54.375,-63.9375,113.695652173913,13,177
"2648",-54.375,-63.8125,117.433144170588,14,180
"2649",-54.375,-63.6875,103.546595214516,15,179
"2650",-54.375,-63.5625,98.8864119693299,2,180
"2651",-54.375,-63.4375,77.1296812992862,1,180
"2652",-54.375,-63.3125,57.069754144948,1,177
"2653",-54.375,-63.1875,54.1312036159317,2,180
"2654",-54.375,-63.0625,77.5517696551822,1,180
"2655",-54.375,-62.9375,85.7080584297674,1,180
"2656",-54.375,-62.8125,80.8576392392668,3,180
"2657",-54.375,-62.6875,79.2975551102513,4,180
"2658",-54.375,-62.5625,70.039490323189,6,180
"2659",-54.375,-62.4375,59.8621977667623,12,178
"2660",-54.375,-62.3125,53.9702023592862,13,171
"2661",-54.375,-62.1875,58.8558606610389,16,175
"2662",-54.375,-62.0625,70.6408900029242,18,177
"2663",-54.375,-61.9375,72.6111111111111,46,179
"2664",-54.375,-61.8125,67.304347826087,45,180
"2665",-54.375,-61.6875,75.8106094209274,28,135
"2666",-54.375,-61.5625,92.9003805735755,32,164.638895670573
"2667",-54.375,-61.4375,91.1884291339072,34.1701405843099,178.15625
"2668",-54.375,-61.3125,100.111604586843,35.1701405843099,179.15625
"2669",-54.375,-61.1875,102.073854044864,33,180
"2670",-54.375,-61.0625,108.224101248986,37,179.069458007812
"2671",-54.375,-60.9375,97.2289274369163,38,180
"2672",-54.375,-60.8125,115.100478898911,41,180
"2673",-54.375,-60.6875,133.179355001857,60,178.569458007812
"2674",-54.375,-60.5625,144.36421635175,89,180
"2675",-54.375,-60.4375,139.143816334333,91.1701456705729,176.9375
"2676",-54.375,-60.3125,138.705321497887,83,179.0625
"2677",-54.375,-60.1875,140.332439299553,84,180
"2678",-54.375,-60.0625,133.50970011744,74,179
"2679",-54.375,-59.9375,137.416715329832,55,179.673624674479
"2680",-54.375,-59.8125,125.667484433043,64,177
"2681",-54.375,-59.6875,135.14689677751,72.1701405843099,180
"2682",-54.375,-59.5625,126.165589431237,75.1701405843099,168
"2683",-54.375,-59.4375,144.562500635783,112,179
"2684",-54.375,-59.3125,155.447916666667,131,176
"2685",-54.375,-59.1875,173.121541341146,173.121541341146,173.121541341146
"2686",-54.375,-58.9375,146.120371500651,132,169
"2687",-54.375,-58.8125,148.280097113715,131,178.840291341146
"2688",-54.375,-58.6875,154.539932250977,138.361114501953,170.71875
"2689",-54.375,-58.5625,150,150,150
"2690",-54.375,-58.4375,177.840291341146,177.840291341146,177.840291341146
"2691",-54.375,-56.3125,134,134,134
"2692",-54.125,-76.0625,153.420145670573,152.420145670573,154.420145670573
"2693",-54.125,-75.9375,155.920145670573,155.420145670573,156.420145670573
"2694",-54.125,-75.8125,114.62973762281,75.9722239176432,161.420145670573
"2695",-54.125,-75.6875,93.3993098818023,49.5381978352865,129.46875
"2696",-54.125,-75.5625,66.7219926622179,45,127.46875
"2697",-54.125,-75.4375,123.652783124875,51,179.965291341146
"2698",-54.125,-75.3125,145.52717107137,58,180
"2699",-54.125,-75.1875,154.06636505127,106.847229003906,179.986124674479
"2700",-54.125,-75.0625,153.896722483081,101.40625,180
"2701",-54.125,-74.9375,155.779169548882,82,180
"2702",-54.125,-74.8125,133.613629280253,111.46181233724,176.829874674479
"2703",-54.125,-74.6875,146.574857016867,105.02431233724,178.666666666667
"2704",-54.125,-74.5625,156.584775847148,104.02431233724,177.763895670573
"2705",-54.125,-74.4375,161.808016459147,132,180
"2706",-54.125,-74.1875,176.96181233724,174.46181233724,179.46181233724
"2707",-54.125,-66.1875,154.5,154,155
"2708",-54.125,-65.8125,169,169,169
"2709",-54.125,-65.6875,170.5,170,171
"2710",-54.125,-65.5625,172.5,172,173
"2711",-54.125,-65.4375,177,174,180
"2712",-54.125,-64.3125,131,131,131
"2713",-54.125,-64.0625,26,20,32
"2714",-54.125,-63.9375,72.4285714285714,14,177
"2715",-54.125,-63.8125,102.197323930942,18,168
"2716",-54.125,-63.6875,93.3804429887651,16,179
"2717",-54.125,-63.5625,105.075315442692,19,180
"2718",-54.125,-63.4375,76.6838039275139,3,180
"2719",-54.125,-63.3125,71.2597974384413,2,180
"2720",-54.125,-63.1875,48.8732792257565,3,180
"2721",-54.125,-63.0625,67.4910287576563,3,180
"2722",-54.125,-62.9375,85.1406531278495,2,180
"2723",-54.125,-62.8125,78.2346766169597,3,180
"2724",-54.125,-62.6875,70.1887026051384,5,180
"2725",-54.125,-62.5625,60.992927205906,10,179.788208007812
"2726",-54.125,-62.4375,59.0894258963306,12,180
"2727",-54.125,-62.3125,51.7143751017253,14,171
"2728",-54.125,-62.1875,59.8921808680415,14,174
"2729",-54.125,-62.0625,55.4831650859178,17,174
"2730",-54.125,-61.9375,67.027027027027,48,92
"2731",-54.125,-61.8125,73.9032258064516,53,102
"2732",-54.125,-61.6875,73.6111111111111,42,104
"2733",-54.125,-61.5625,83.2340425531915,33,180
"2734",-54.125,-61.4375,89.1480775171397,40,169
"2735",-54.125,-61.3125,98.5356791178385,45,164
"2736",-54.125,-61.1875,85.6487126266747,36.1701405843099,150
"2737",-54.125,-61.0625,85.0000931464301,39.1701405843099,178.277791341146
"2738",-54.125,-60.9375,100.909195525737,53,179.277791341146
"2739",-54.125,-60.8125,120.589845021566,63,178.590291341146
"2740",-54.125,-60.6875,122.371932451115,44.1701405843099,179
"2741",-54.125,-60.5625,135.01747639974,50,179.569458007812
"2742",-54.125,-60.4375,143.664811934548,84,179
"2743",-54.125,-60.3125,148.604585367839,84,180
"2744",-54.125,-60.1875,135.26652049055,85,178.475708007812
"2745",-54.125,-60.0625,144.966501871745,83,179.78125
"2746",-54.125,-59.9375,132.169016445384,65,180
"2747",-54.125,-59.8125,136.677085028754,80,179.746541341146
"2748",-54.125,-59.6875,121.466079711914,57,179
"2749",-54.125,-59.5625,119.625336185578,74,167
"2750",-54.125,-59.4375,135.598958795721,96,177.34375
"2751",-54.125,-59.3125,144.513194783529,120,176.34375
"2752",-54.125,-59.1875,132,121,151
"2753",-54.125,-59.0625,138,122,170
"2754",-54.125,-58.6875,164.666666666667,151,175
"2755",-54.125,-58.5625,174.5390625,171.71875,180
"2756",-54.125,-58.4375,139.361114501953,139.361114501953,139.361114501953
"2757",-53.875,-75.9375,148.439587402344,133.46875,158.420145670573
"2758",-53.875,-75.8125,138.706598917643,131.46875,159.420145670573
"2759",-53.875,-75.6875,106.667826334635,105,109.003479003906
"2760",-53.875,-75.5625,108,107,109
"2761",-53.875,-75.4375,138.434029134115,110,170.965291341146
"2762",-53.875,-75.3125,162.438542175293,137,176
"2763",-53.875,-75.1875,163.437285995483,107.40625,178
"2764",-53.875,-75.0625,154.927916047719,103.40625,180
"2765",-53.875,-74.9375,147.469716578354,85,179.80556233724
"2766",-53.875,-74.8125,149.206764844978,92,179.829874674479
"2767",-53.875,-74.6875,149.914987215432,125,179.666666666667
"2768",-53.875,-74.5625,166.264310586332,127,180
"2769",-53.875,-74.4375,172.186806233724,161,180
"2770",-53.875,-74.1875,172.46181233724,171.46181233724,173.46181233724
"2771",-53.875,-66.1875,157,157,157
"2772",-53.875,-66.0625,156,156,156
"2773",-53.875,-65.8125,174,173,175
"2774",-53.875,-65.6875,177,176,178
"2775",-53.875,-65.5625,179,179,179
"2776",-53.875,-63.9375,47.5882352941176,15,168
"2777",-53.875,-63.8125,69.6266121637254,16,178
"2778",-53.875,-63.6875,71.0021495516338,17,179
"2779",-53.875,-63.5625,85.97781173582,20,175
"2780",-53.875,-63.4375,75.53870891053,5,177
"2781",-53.875,-63.3125,50.6051513520046,7,177
"2782",-53.875,-63.1875,50.6738958306651,4,178
"2783",-53.875,-63.0625,52.1481360987613,4,176
"2784",-53.875,-62.9375,78.9858371560667,5,180
"2785",-53.875,-62.8125,74.4877227204527,7,180
"2786",-53.875,-62.6875,49.052154333413,9,162
"2787",-53.875,-62.5625,59.9766711129083,9,163
"2788",-53.875,-62.4375,66.3916413842178,11,170
"2789",-53.875,-62.3125,52.5805665651957,12,172
"2790",-53.875,-62.1875,44.975,15,159
"2791",-53.875,-62.0625,68.2083333333333,27,172
"2792",-53.875,-61.9375,60.4814814814815,26,88
"2793",-53.875,-61.8125,77.0526315789474,59,100
"2794",-53.875,-61.6875,84.1111111111111,71,106
"2795",-53.875,-61.5625,102.904761904762,61,179
"2796",-53.875,-61.4375,97.1808510638298,52,178
"2797",-53.875,-61.3125,116.418604651163,61,180
"2798",-53.875,-61.1875,103.935236391814,63,172
"2799",-53.875,-61.0625,102.540611377661,65,166
"2800",-53.875,-60.9375,108.850567853009,67,169
"2801",-53.875,-60.8125,126.779473529599,52,179.027791341146
"2802",-53.875,-60.6875,124.36364985735,56,178.861124674479
"2803",-53.875,-60.5625,135.046350344263,57,180
"2804",-53.875,-60.4375,135.433205297438,62,180
"2805",-53.875,-60.3125,142.92830013699,90,177
"2806",-53.875,-60.1875,141.084538438585,83,180
"2807",-53.875,-60.0625,137.631707584157,44,180
"2808",-53.875,-59.9375,135.081875252001,54,180
"2809",-53.875,-59.8125,138.746777634394,58,179.871541341146
"2810",-53.875,-59.6875,124.190074876807,65,179
"2811",-53.875,-59.5625,125.885150224735,88,180
"2812",-53.875,-59.4375,132.539435613723,77,180
"2813",-53.875,-59.3125,143.666666666667,127,176
"2814",-53.875,-59.1875,165.624308268229,128,178
"2815",-53.875,-59.0625,148.592979148582,129,179
"2816",-53.875,-58.9375,137.25,123,167
"2817",-53.875,-58.8125,145.453704833984,118.361114501953,174
"2818",-53.875,-58.6875,179,179,179
"2819",-53.875,-58.5625,174,169,177
"2820",-53.875,-58.4375,174.71875,174.71875,174.71875
"2821",-53.875,-56.1875,135.5,135,136
"2822",-53.875,-56.0625,137,137,137
"2823",-53.625,-75.9375,139.135416666667,135.46875,141.46875
"2824",-53.625,-75.4375,179.538208007812,179.538208007812,179.538208007812
"2825",-53.625,-75.3125,174.978563833928,161.96528116862,180
"2826",-53.625,-75.1875,159.971084525052,118.847229003906,180
"2827",-53.625,-75.0625,163.960999092555,136,180
"2828",-53.625,-74.9375,158.290154844342,134,179.565979003906
"2829",-53.625,-74.8125,148.887218334057,96,179.322916666667
"2830",-53.625,-74.6875,155.441970098586,149.46181233724,178.322916666667
"2831",-53.625,-74.5625,162.264817640516,124,179.975708007812
"2832",-53.625,-74.4375,174.307456276634,170,179.24306233724
"2833",-53.625,-74.1875,169.96181233724,169.46181233724,170.46181233724
"2834",-53.625,-66.1875,158,158,158
"2835",-53.625,-66.0625,159,159,159
"2836",-53.625,-65.8125,170.5,169,172
"2837",-53.625,-65.5625,180,180,180
"2838",-53.625,-63.9375,90.7,24,169
"2839",-53.625,-63.8125,53.8,25,171
"2840",-53.625,-63.6875,57.6,18,172
"2841",-53.625,-63.5625,47.35,22,170
"2842",-53.625,-63.4375,49.1304347826087,21,171
"2843",-53.625,-63.3125,49.6,23,160
"2844",-53.625,-63.1875,49.0405405405405,5,180
"2845",-53.625,-63.0625,55.2970556640625,5,178
"2846",-53.625,-62.9375,60.0063446604144,6,180
"2847",-53.625,-62.8125,51.5097222948831,7,150
"2848",-53.625,-62.6875,49.380719053979,8,135
"2849",-53.625,-62.5625,52.375,9,136
"2850",-53.625,-62.4375,63.4,10,171
"2851",-53.625,-62.3125,57.3170731707317,13,172
"2852",-53.625,-62.1875,61.25,16,174
"2853",-53.625,-62.0625,55,20,168
"2854",-53.625,-61.9375,51.6666666666667,25,64
"2855",-53.625,-61.8125,58,24,83
"2856",-53.625,-61.5625,168,143,176
"2857",-53.625,-61.4375,121.625,76,164
"2858",-53.625,-61.3125,166.5,164,169
"2859",-53.625,-61.1875,142,142,142
"2860",-53.625,-61.0625,122.598024025942,84,174
"2861",-53.625,-60.9375,109.892490716628,85,176
"2862",-53.625,-60.8125,123.603175571987,104.954864501953,148
"2863",-53.625,-60.6875,128.039592960017,42,179.861124674479
"2864",-53.625,-60.5625,124.318173902656,40,178
"2865",-53.625,-60.4375,125.659723191034,46,180
"2866",-53.625,-60.3125,128.282566305117,51,180
"2867",-53.625,-60.1875,132.082925684312,53,178
"2868",-53.625,-60.0625,126.936655414968,41,180
"2869",-53.625,-59.9375,120.418959147135,42,176
"2870",-53.625,-59.8125,121.868674988072,51.1701405843099,179
"2871",-53.625,-59.6875,135.610644707313,52.1701405843099,180
"2872",-53.625,-59.5625,123.982362060547,67,169
"2873",-53.625,-59.4375,117.736111450195,91,153
"2874",-53.625,-59.3125,148.053241305881,127.361114501953,157
"2875",-53.625,-59.1875,157.2550173159,117.361114501953,175.121541341146
"2876",-53.625,-59.0625,160,143,180
"2877",-53.625,-58.9375,149.1625,130,166
"2878",-53.625,-58.8125,148.995949639214,124,177
"2879",-53.625,-58.6875,149.340278625488,119.361114501953,178
"2880",-53.625,-58.5625,160.90625,136,176.71875
"2881",-53.625,-58.4375,175.71875,175.71875,175.71875
"2882",-53.625,-58.3125,140.361114501953,140.361114501953,140.361114501953
"2883",-53.625,-57.5625,177,177,177
"2884",-53.625,-57.0625,178,178,178
"2885",-53.625,-56.4375,147.5,147,148
"2886",-53.625,-55.8125,138,138,138
"2887",-53.375,-75.9375,139.21875,136.46875,142.46875
"2888",-53.375,-75.8125,137.46875,137.46875,137.46875
"2889",-53.375,-75.4375,175.538208007812,172.538208007812,178.538208007812
"2890",-53.375,-75.3125,171.007583618164,155.96528116862,180
"2891",-53.375,-75.1875,162.339488603915,130.847229003906,179
"2892",-53.375,-75.0625,163.632037670581,136.847229003906,179.9375
"2893",-53.375,-74.9375,159.525047139919,139,179.138895670573
"2894",-53.375,-74.8125,134.803056640625,101,164.975697835286
"2895",-53.375,-74.6875,153.938659667969,122,166.40625
"2896",-53.375,-74.5625,164.840484020757,154,178.975708007812
"2897",-53.375,-74.4375,168.488288879395,159.46181233724,174.840291341146
"2898",-53.375,-74.3125,174.227872212728,162.46181233724,177.840291341146
"2899",-53.375,-74.1875,175.007335521557,166.46181233724,180
"2900",-53.375,-66.0625,160.5,160,161
"2901",-53.375,-65.9375,166,164,168
"2902",-53.375,-63.9375,88.75,28,150
"2903",-53.375,-63.8125,32.25,26,41
"2904",-53.375,-63.6875,34.5384615384615,20,43
"2905",-53.375,-63.5625,37.7272727272727,28,45
"2906",-53.375,-63.4375,44.0476190476191,27,93
"2907",-53.375,-63.3125,41.96875,27,56
"2908",-53.375,-63.1875,46.8787878787879,26,163
"2909",-53.375,-63.0625,50.4,6,165
"2910",-53.375,-62.9375,62.2555556524368,8,167
"2911",-53.375,-62.8125,55.8972223917643,12,168
"2912",-53.375,-62.6875,77.5,28,169
"2913",-53.375,-62.5625,76.8571428571429,35,170
"2914",-53.375,-62.4375,69,30,104
"2915",-53.375,-62.3125,57.5,31,105
"2916",-53.375,-62.1875,82.4545454545455,35,166
"2917",-53.375,-62.0625,75.2142857142857,17,177
"2918",-53.375,-61.9375,51.1315789473684,18,106
"2919",-53.375,-61.8125,61.75,23,80
"2920",-53.375,-61.4375,145.333333333333,130,162
"2921",-53.375,-61.3125,139.75,122,158
"2922",-53.375,-61.1875,147.2,136,163
"2923",-53.375,-61.0625,125.75,110,132
"2924",-53.375,-60.9375,141.8,111,178
"2925",-53.375,-60.8125,127.422454833984,104,143.267364501953
"2926",-53.375,-60.6875,125.674045880636,74,172
"2927",-53.375,-60.5625,141.425439667283,67,173
"2928",-53.375,-60.4375,126.949130103702,60,171.697916666667
"2929",-53.375,-60.3125,123.587567602682,43,179.520833333333
"2930",-53.375,-60.1875,132.385970992271,43,179.944458007812
"2931",-53.375,-60.0625,123.077097723013,47.1701405843099,179
"2932",-53.375,-59.9375,119.751107463907,50.1701405843099,180
"2933",-53.375,-59.8125,124.296090565031,45,179.881958007812
"2934",-53.375,-59.6875,129.470765279134,46,179.982645670573
"2935",-53.375,-59.5625,117.749095087466,59,180
"2936",-53.375,-59.4375,127.491568429129,61,178.18056233724
"2937",-53.375,-59.3125,141.072222900391,99,170
"2938",-53.375,-59.1875,159.4,154,171
"2939",-53.375,-59.0625,137.640873500279,98,173
"2940",-53.375,-58.9375,153.88125,105,175
"2941",-53.375,-58.8125,155,131,176
"2942",-53.375,-58.6875,142.25,125,152
"2943",-53.375,-58.5625,172.6796875,164,178
"2944",-53.375,-58.1875,135.5,135,136
"2945",-53.375,-58.0625,138,137,139
"2946",-53.375,-56.5625,146,146,146
"2947",-53.375,-56.3125,149.5,149,150
"2948",-53.375,-56.1875,151,151,151
"2949",-53.125,-76.0625,143.96875,143.46875,144.46875
"2950",-53.125,-75.4375,173.187510172526,170.538197835286,177.486124674479
"2951",-53.125,-75.3125,169.171955053357,154.538197835286,179.388895670573
"2952",-53.125,-75.1875,171.322789698471,154,180
"2953",-53.125,-75.0625,163.327151298523,138.847229003906,179.944458007812
"2954",-53.125,-74.9375,177.163543701172,164.013895670573,180
"2955",-53.125,-74.8125,145.943897448088,108,170.975708007812
"2956",-53.125,-74.6875,141.673010784647,111,175.975708007812
"2957",-53.125,-74.5625,160.076391601563,152,176.975708007812
"2958",-53.125,-74.3125,163.96181233724,163.46181233724,164.46181233724
"2959",-53.125,-74.1875,165.46181233724,165.46181233724,165.46181233724
"2960",-53.125,-66.0625,162.5,162,163
"2961",-53.125,-63.9375,151,151,151
"2962",-53.125,-63.8125,73.8333333333333,29,153
"2963",-53.125,-63.6875,44.6666666666667,30,154
"2964",-53.125,-63.5625,77.4,33,159
"2965",-53.125,-63.4375,63.5833333333333,29,161
"2966",-53.125,-63.3125,72.8125,31,162
"2967",-53.125,-63.1875,94.25,33,128
"2968",-53.125,-63.0625,67,34,130
"2969",-53.125,-62.9375,79.6666666666667,42,99
"2970",-53.125,-62.8125,71.5,43,100
"2971",-53.125,-62.5625,171,171,171
"2972",-53.125,-62.4375,172.5,172,173
"2973",-53.125,-62.3125,175,174,176
"2974",-53.125,-62.1875,177.5,177,178
"2975",-53.125,-62.0625,113.333333333333,38,180
"2976",-53.125,-61.9375,80.7666666666667,21,178
"2977",-53.125,-61.8125,68.4090909090909,22,180
"2978",-53.125,-61.6875,75,73,77
"2979",-53.125,-61.4375,136.125,112,153
"2980",-53.125,-61.3125,129.117647058824,113,155
"2981",-53.125,-61.1875,145.1,115,161
"2982",-53.125,-61.0625,123.761904761905,105,141
"2983",-53.125,-60.9375,135.894736842105,125,179
"2984",-53.125,-60.8125,138.309844970703,105,180
"2985",-53.125,-60.6875,142.388250250565,114.954864501953,180
"2986",-53.125,-60.5625,154.179650348166,119,177
"2987",-53.125,-60.4375,132.190926216744,71.9652811686198,178
"2988",-53.125,-60.3125,128.368503098261,47,179.267374674479
"2989",-53.125,-60.1875,126.194403590926,56,178.434041341146
"2990",-53.125,-60.0625,136.866963990172,71,180
"2991",-53.125,-59.9375,128.291937368887,50,178
"2992",-53.125,-59.8125,121.810268825955,45,177.89931233724
"2993",-53.125,-59.6875,110.072199503581,43,180
"2994",-53.125,-59.5625,139.748458297164,67,180
"2995",-53.125,-59.4375,141.193405151367,71,179.89931233724
"2996",-53.125,-59.3125,127.746529897054,95,167.798614501953
"2997",-53.125,-59.1875,132.746914333767,103,162
"2998",-53.125,-59.0625,152.61154683431,96,176.121541341146
"2999",-53.125,-58.9375,140.530092592593,100,169
"3000",-53.125,-58.8125,135.50122608858,102,167
"3001",-53.125,-58.6875,147.618924458822,124,165
"3002",-53.125,-58.5625,155.5,132,179
"3003",-53.125,-58.4375,147.340278625488,133,159
"3004",-53.125,-58.3125,149.5,134,165
"3005",-53.125,-58.0625,166,166,166
"3006",-53.125,-57.9375,140,140,140
"3007",-53.125,-57.8125,176,176,176
"3008",-53.125,-57.6875,168,168,168
"3009",-53.125,-57.5625,169,169,169
"3010",-53.125,-56.5625,145,145,145
"3011",-53.125,-56.3125,141,141,141
"3012",-53.125,-56.1875,145.666666666667,142,152
"3013",-53.125,-56.0625,153,153,153
"3014",-53.125,-55.8125,139,139,139
"3015",-52.875,-76.1875,147.96875,146.46875,149.46875
"3016",-52.875,-76.0625,145.46875,145.46875,145.46875
"3017",-52.875,-75.3125,170.978357651654,161.538197835286,179.611124674479
"3018",-52.875,-75.1875,170.123741072838,156,178
"3019",-52.875,-75.0625,164.108041225336,141.847229003906,180
"3020",-52.875,-74.8125,155.08487729673,146,169.975697835286
"3021",-52.875,-74.6875,152.847222222222,148,157
"3022",-52.875,-63.5625,97.5,35,160
"3023",-52.875,-63.4375,81,36,104
"3024",-52.875,-63.3125,95.6,33,119
"3025",-52.875,-63.1875,120,120,120
"3026",-52.875,-61.9375,63.625,36,111
"3027",-52.875,-61.8125,85.2758620689655,23,176
"3028",-52.875,-61.6875,54.7142857142857,27,72
"3029",-52.875,-61.5625,68.5,67,70
"3030",-52.875,-61.4375,137.470588235294,110,152
"3031",-52.875,-61.3125,136,131,148
"3032",-52.875,-61.1875,124.25,117,130
"3033",-52.875,-61.0625,122.083333333333,103,137
"3034",-52.875,-60.9375,133,133,133
"3035",-52.875,-60.8125,134.25,125,140
"3036",-52.875,-60.6875,116.333333333333,108,155
"3037",-52.875,-60.5625,153.681834973787,124.954864501953,173
"3038",-52.875,-60.4375,119.956452687581,72,170
"3039",-52.875,-60.3125,125.893715896175,62,180
"3040",-52.875,-60.1875,128.52036790231,54,180
"3041",-52.875,-60.0625,137.241141834478,53,179.604166666667
"3042",-52.875,-59.9375,128.492496777606,49,177.600708007812
"3043",-52.875,-59.8125,128.553967405847,44,179
"3044",-52.875,-59.6875,117.075841267904,52,180
"3045",-52.875,-59.5625,131.093924967448,47,179.697916666667
"3046",-52.875,-59.4375,153.743925306532,88,180
"3047",-52.875,-59.3125,138.072918516217,97,176.260416666667
"3048",-52.875,-59.1875,137.33360173152,99,164
"3049",-52.875,-59.0625,138.818813439571,101,180
"3050",-52.875,-58.9375,133.997520810082,107,168
"3051",-52.875,-58.8125,133.233251833448,97,174
"3052",-52.875,-58.6875,135.947338528103,99,172
"3053",-52.875,-58.5625,137.285714285714,125,166
"3054",-52.875,-58.4375,146.619791666667,105,178.71875
"3055",-52.875,-58.3125,150,128,162
"3056",-52.875,-58.0625,163,163,163
"3057",-52.875,-57.9375,167,167,167
"3058",-52.875,-57.8125,164,164,164
"3059",-52.875,-57.6875,148,140,171
"3060",-52.875,-57.5625,137.666666666667,130,142
"3061",-52.875,-56.9375,179,179,179
"3062",-52.875,-56.4375,144,144,144
"3063",-52.875,-56.1875,140,140,140
"3064",-52.875,-55.9375,154.5,154,155
"3065",-52.625,-76.1875,150.96875,150.46875,151.46875
"3066",-52.625,-75.3125,175.393232981364,170.21528116862,180
"3067",-52.625,-75.1875,172.451006006312,153,180
"3068",-52.625,-75.0625,162.934141425676,143.847229003906,180
"3069",-52.625,-74.8125,176.347229003906,172.847229003906,179.847229003906
"3070",-52.625,-61.9375,43,43,43
"3071",-52.625,-61.8125,78.2083333333333,37,177
"3072",-52.625,-61.6875,87.3103448275862,29,137
"3073",-52.625,-61.5625,113.2,62,144
"3074",-52.625,-61.4375,121.888888888889,108,147
"3075",-52.625,-61.3125,131.5,125,138
"3076",-52.625,-61.0625,117.875,102,124
"3077",-52.625,-60.9375,130.5,129,132
"3078",-52.625,-60.8125,139.857142857143,128,149
"3079",-52.625,-60.6875,144.5,143,146
"3080",-52.625,-60.5625,162,162,162
"3081",-52.625,-60.4375,119.2,69,166
"3082",-52.625,-60.3125,116.939662717423,56,178.03125
"3083",-52.625,-60.1875,130.31801590265,54,179.600708007812
"3084",-52.625,-60.0625,138.03827637665,56,178.604166666667
"3085",-52.625,-59.9375,128.992130307798,55,176.33681233724
"3086",-52.625,-59.8125,124.882292683919,48,180
"3087",-52.625,-59.6875,131.155094207279,48,178
"3088",-52.625,-59.5625,135.319669990129,47,180
"3089",-52.625,-59.4375,136.157905699715,74,179
"3090",-52.625,-59.3125,126.744950727983,76.0069478352865,180
"3091",-52.625,-59.1875,148.2,102,179
"3092",-52.625,-59.0625,139.881944783529,107,175
"3093",-52.625,-58.9375,153.814236111111,108,173
"3094",-52.625,-58.8125,152.322050306532,124,177.121541341146
"3095",-52.625,-58.6875,151.294117647059,109,180
"3096",-52.625,-58.5625,130.84826558431,101,178.121541341146
"3097",-52.625,-58.4375,131.8,110,160
"3098",-52.625,-58.3125,166.040513780382,158,179.121541341146
"3099",-52.625,-58.1875,146.90625,128,179.71875
"3100",-52.625,-58.0625,170,170,170
"3101",-52.625,-57.9375,152,138,166
"3102",-52.625,-57.8125,155.333333333333,129,175
"3103",-52.625,-57.5625,153.5,140,172
"3104",-52.625,-57.4375,146.5,131,170
"3105",-52.625,-57.3125,149.5,142,157
"3106",-52.625,-56.5625,161.5,160,163
"3107",-52.625,-56.1875,156,156,156
"3108",-52.375,-76.1875,152.96875,152.46875,153.46875
"3109",-52.375,-75.3125,176.354170057509,169.21528116862,179.625
"3110",-52.375,-75.1875,170.697462115371,155,180
"3111",-52.375,-75.0625,162.655798870584,146.847229003906,179
"3112",-52.375,-74.9375,164.347229003906,161.847229003906,166.847229003906
"3113",-52.375,-74.8125,170.347229003906,168.847229003906,171.847229003906
"3114",-52.375,-61.8125,55.3333333333333,38,70
"3115",-52.375,-61.6875,90.3548387096774,33,180
"3116",-52.375,-61.5625,102.65,69,138
"3117",-52.375,-61.4375,87,53,122
"3118",-52.375,-61.3125,105.294117647059,90,124
"3119",-52.375,-61.1875,83.3846153846154,78,89
"3120",-52.375,-61.0625,111,100,119
"3121",-52.375,-60.9375,136,126,150
"3122",-52.375,-60.8125,123.75,59,153
"3123",-52.375,-60.6875,142.125,61,159
"3124",-52.375,-60.5625,108.296296296296,63,165
"3125",-52.375,-60.4375,133.711227416992,79,180
"3126",-52.375,-60.3125,116.105945618172,59,174.697916666667
"3127",-52.375,-60.1875,129.542911434648,48,180
"3128",-52.375,-60.0625,129.696553366525,57,175
"3129",-52.375,-59.9375,150.266652656324,101,179
"3130",-52.375,-59.8125,140.85454305013,72,177.604166666667
"3131",-52.375,-59.6875,150.712179638091,69,179
"3132",-52.375,-59.5625,139.945835367839,75,180
"3133",-52.375,-59.4375,158.016546511183,78,177.496541341146
"3134",-52.375,-59.3125,151.195096969604,84.3541666666667,179
"3135",-52.375,-59.1875,137.553473578559,106,173.475708007812
"3136",-52.375,-59.0625,138.923997667101,78,178.315979003906
"3137",-52.375,-58.9375,153.578598484848,123,172
"3138",-52.375,-58.8125,143.43954407935,79,174.475708007812
"3139",-52.375,-58.6875,147.152200486925,76,178.465291341146
"3140",-52.375,-58.5625,148.712501017253,80,179.315979003906
"3141",-52.375,-58.4375,148.64503518129,98,179.465291341146
"3142",-52.375,-58.3125,147.364267985026,111,178
"3143",-52.375,-58.1875,159,159,159
"3144",-52.375,-58.0625,162.361979166667,137,177
"3145",-52.375,-57.9375,160,160,160
"3146",-52.375,-57.8125,173.5,173,174
"3147",-52.375,-57.6875,129,129,129
"3148",-52.375,-57.5625,150,130,171
"3149",-52.375,-57.4375,135.666666666667,131,144
"3150",-52.375,-57.3125,162,162,162
"3151",-52.375,-56.6875,164,164,164
"3152",-52.375,-56.5625,158.333333333333,158,159
"3153",-52.375,-56.4375,157,157,157
"3154",-52.125,-76.1875,154.96875,154.46875,155.46875
"3155",-52.125,-75.3125,170.81150890532,167.21528116862,176
"3156",-52.125,-75.1875,169.80288657164,159,180
"3157",-52.125,-75.0625,161.640153364702,152.847229003906,180
"3158",-52.125,-74.9375,159.847229003906,158.847229003906,160.847229003906
"3159",-52.125,-74.8125,167.847229003906,167.847229003906,167.847229003906
"3160",-52.125,-61.6875,77.6153846153846,39,125
"3161",-52.125,-61.5625,80.5,40,114
"3162",-52.125,-61.4375,94.1470588235294,49,119
"3163",-52.125,-61.3125,101.8,95,107
"3164",-52.125,-61.1875,106.03125,93,119
"3165",-52.125,-61.0625,97.5714285714286,73,116
"3166",-52.125,-60.9375,105.5,57,148
"3167",-52.125,-60.8125,75.2,58,90
"3168",-52.125,-60.6875,109.4,71,147
"3169",-52.125,-60.5625,123.166666666667,72,145
"3170",-52.125,-60.4375,145.660669500178,99,179
"3171",-52.125,-60.3125,115.308575616367,60,179.03125
"3172",-52.125,-60.1875,130.859558774714,55,179.802083333333
"3173",-52.125,-60.0625,139.639696393694,58,180
"3174",-52.125,-59.9375,135.025411201246,73,180
"3175",-52.125,-59.8125,142.048282199436,79,180
"3176",-52.125,-59.6875,128.529688008626,81.0069478352865,180
"3177",-52.125,-59.5625,147.250090248564,77.0069478352865,180
"3178",-52.125,-59.4375,149.621032714844,62,176
"3179",-52.125,-59.3125,155.533857981364,77,180
"3180",-52.125,-59.1875,132.761485564403,96,179
"3181",-52.125,-59.0625,147.959824335007,108.361114501953,180
"3182",-52.125,-58.9375,139.612197240194,118,177.465291341146
"3183",-52.125,-58.8125,143.572723953812,107.99653116862,175
"3184",-52.125,-58.6875,139.440724690755,65,176
"3185",-52.125,-58.5625,146.144571940104,126,169.815979003906
"3186",-52.125,-58.4375,140.726011334044,77,178
"3187",-52.125,-58.3125,124.131945292155,66,171.815979003906
"3188",-52.125,-58.1875,136.299654134115,67,179
"3189",-52.125,-58.0625,116.429563976469,68,135
"3190",-52.125,-57.9375,143.714285714286,128,175
"3191",-52.125,-57.8125,134.751736958822,69,178
"3192",-52.125,-57.6875,144.75,116,169
"3193",-52.125,-57.5625,135.8,70,173
"3194",-52.125,-57.4375,141.2,132,164
"3195",-52.125,-57.3125,136.5,132,141
"3196",-52.125,-57.1875,140.4,103,180
"3197",-52.125,-56.8125,165,165,165
"3198",-51.875,-76.1875,156.46875,156.46875,156.46875
"3199",-51.875,-75.1875,169.25,163,174
"3200",-51.875,-75.0625,169.166666666667,165,172
"3201",-51.875,-61.6875,88.6666666666667,72,122
"3202",-51.875,-61.5625,76.7692307692308,41,126
"3203",-51.875,-61.4375,67.0357142857143,42,104
"3204",-51.875,-61.3125,107,106,108
"3205",-51.875,-61.1875,110.5,109,112
"3206",-51.875,-61.0625,80.2142857142857,64,113
"3207",-51.875,-60.9375,95.6,56,146
"3208",-51.875,-60.8125,144.498612467448,111,163.99653116862
"3209",-51.875,-60.6875,146.198612467448,113,165.99653116862
"3210",-51.875,-60.5625,155.698612467448,145,169.99653116862
"3211",-51.875,-60.4375,158.095238095238,107,175
"3212",-51.875,-60.3125,133.307692307692,57,176
"3213",-51.875,-60.1875,123.391976702655,61.9479166666667,171.11806233724
"3214",-51.875,-60.0625,135.825993565151,67,178
"3215",-51.875,-59.9375,139.492702561982,68,178
"3216",-51.875,-59.8125,146.753315781102,82,179
"3217",-51.875,-59.6875,139.493750678168,79,179
"3218",-51.875,-59.5625,146.880150104391,75,176
"3219",-51.875,-59.4375,141.186111958822,76,177
"3220",-51.875,-59.3125,146.612847222222,94,176.354166666667
"3221",-51.875,-59.1875,123.305713537968,93,175.354166666667
"3222",-51.875,-59.0625,125.587437485204,64,168.53125
"3223",-51.875,-58.9375,147.873512389168,117,179.53125
"3224",-51.875,-58.8125,150.827446536741,123,177.40625
"3225",-51.875,-58.6875,150.382292683919,133,179.798624674479
"3226",-51.875,-58.5625,162.781659892961,130,179
"3227",-51.875,-58.4375,148.716708912569,78,180
"3228",-51.875,-58.3125,152.1,134,179
"3229",-51.875,-58.1875,151.12277003697,82,180
"3230",-51.875,-58.0625,148.055989583333,103,179
"3231",-51.875,-57.9375,134.690341833866,113,175
"3232",-51.875,-57.8125,134.25,104,161
"3233",-51.875,-57.6875,146.000868479411,128,170
"3234",-51.875,-57.5625,146.2,105,180
"3235",-51.875,-57.4375,138.142857142857,71,173
"3236",-51.875,-57.3125,135.833333333333,106,163
"3237",-51.875,-57.1875,121,101,158
"3238",-51.875,-57.0625,128.666666666667,108,144
"3239",-51.625,-76.0625,157.96875,157.46875,158.46875
"3240",-51.625,-75.3125,180,180,180
"3241",-51.625,-75.1875,176.7,174,180
"3242",-51.625,-75.0625,173.45,167,179
"3243",-51.625,-61.5625,85.4285714285714,42,127
"3244",-51.625,-61.4375,69.8571428571429,44,128
"3245",-51.625,-61.3125,104.5,104,105
"3246",-51.625,-61.1875,86,85,87
"3247",-51.625,-61.0625,81.25,62,96
"3248",-51.625,-60.9375,119.625,55,145
"3249",-51.625,-60.8125,145.997918701172,110,159.99653116862
"3250",-51.625,-60.6875,151.178349350438,145.99653116862,156.99653116862
"3251",-51.625,-60.5625,133.332180447049,114,170.996541341146
"3252",-51.625,-60.4375,157.230503180088,147,171.996541341146
"3253",-51.625,-60.3125,156.56,150,175
"3254",-51.625,-60.1875,109.867121378581,58,170.05556233724
"3255",-51.625,-60.0625,127.188168354523,49,179.260416666667
"3256",-51.625,-59.9375,135.488789028592,68,179
"3257",-51.625,-59.8125,141.210841991283,76,180
"3258",-51.625,-59.6875,140.033922244341,93,178
"3259",-51.625,-59.5625,132.52138264974,71,179
"3260",-51.625,-59.4375,137.314846829251,70,178.354166666667
"3261",-51.625,-59.3125,130.436459350586,63,178.99306233724
"3262",-51.625,-59.1875,133.388146536691,92,171.902791341146
"3263",-51.625,-59.0625,139.388542175293,99,177
"3264",-51.625,-58.9375,145.739433399145,106.99653116862,178.53125
"3265",-51.625,-58.8125,152.050748384916,116,177.53125
"3266",-51.625,-58.6875,150.205422678301,113.80556233724,178.798624674479
"3267",-51.625,-58.5625,149.213493129185,80,180
"3268",-51.625,-58.4375,146.727600753948,79,179
"3269",-51.625,-58.3125,157.901540120443,129,177.475708007812
"3270",-51.625,-58.1875,146.796296861437,83,178
"3271",-51.625,-58.0625,151.980556233724,100,180
"3272",-51.625,-57.9375,154.608798556858,116,176
"3273",-51.625,-57.8125,160.945247552334,119,180
"3274",-51.625,-57.6875,148.282242547898,108,175
"3275",-51.625,-57.5625,131.5,102,180
"3276",-51.625,-57.4375,137.223766185619,96,174
"3277",-51.625,-57.3125,110.500578986274,97,138
"3278",-51.625,-57.1875,142.751736958822,131,157
"3279",-51.625,-57.0625,131.755210876465,114,138.006947835286
"3280",-51.625,-56.9375,130.333333333333,109,145
"3281",-51.625,-56.8125,152,138,166
"3282",-51.625,-56.6875,139,139,139
"3283",-51.375,-76.0625,160.71875,159.46875,161.46875
"3284",-51.375,-75.1875,178.5,178,179
"3285",-51.375,-75.0625,179.25,178,180
"3286",-51.375,-61.5625,99.5,74,125
"3287",-51.375,-61.4375,85.8333333333333,47,131
"3288",-51.375,-61.3125,64.6363636363636,51,132
"3289",-51.375,-61.1875,71.3846153846154,55,92
"3290",-51.375,-61.0625,78.7142857142857,53,138
"3291",-51.375,-60.9375,133.666666666667,121,141
"3292",-51.375,-60.8125,128.666666666667,109,142
"3293",-51.375,-60.6875,144.74653116862,139.99653116862,151.99653116862
"3294",-51.375,-60.5625,116,116,116
"3295",-51.375,-60.4375,142.284232003348,117,174.996541341146
"3296",-51.375,-60.3125,168.666666666667,167,170
"3297",-51.375,-60.1875,125.625,58,174
"3298",-51.375,-60.0625,119.194979741023,56,177
"3299",-51.375,-59.9375,131.213326560126,56,179
"3300",-51.375,-59.8125,134.095860254197,70,177.451395670573
"3301",-51.375,-59.6875,146.138622577374,91,180
"3302",-51.375,-59.5625,143.931019083659,84,180
"3303",-51.375,-59.4375,155.790992736816,84,179.39931233724
"3304",-51.375,-59.3125,147.161113484701,113.27431233724,179.99306233724
"3305",-51.375,-59.1875,153.628298950195,125,180
"3306",-51.375,-59.0625,148.429784138997,91,179.010416666667
"3307",-51.375,-58.9375,133.866816202799,96,177
"3308",-51.375,-58.8125,146.97390623767,115,176.53125
"3309",-51.375,-58.6875,155.37805002104,114.80556233724,178.40625
"3310",-51.375,-58.5625,157.495790738586,107.006947835286,180
"3311",-51.375,-58.4375,153.10159203314,82,179
"3312",-51.375,-58.3125,157.742852304496,85,179
"3313",-51.375,-58.1875,162.06394873725,107,180
"3314",-51.375,-58.0625,152.423078488081,106,180
"3315",-51.375,-57.9375,131.045139312744,91,167
"3316",-51.375,-57.8125,146.365279134115,93,177.826395670573
"3317",-51.375,-57.6875,137.936343722873,94,176
"3318",-51.375,-57.5625,136.6,95,163
"3319",-51.375,-57.4375,148.995139567057,123,167.975697835286
"3320",-51.375,-57.3125,146.401389567057,134,170
"3321",-51.375,-57.1875,138.003473917643,135,141.006947835286
"3322",-51.375,-57.0625,138.251736958822,119,157
"3323",-51.375,-56.9375,108.5,102,115
"3324",-51.375,-56.8125,126.2,104,167
"3325",-51.125,-75.9375,162.46875,162.46875,162.46875
"3326",-51.125,-61.4375,87,48,126
"3327",-51.125,-61.3125,95.0909090909091,53,133
"3328",-51.125,-61.1875,81.375,54,130
"3329",-51.125,-61.0625,117,52,140
"3330",-51.125,-60.8125,138,137,139
"3331",-51.125,-60.6875,130.165703102394,108,138.99653116862
"3332",-51.125,-60.5625,115,106,130
"3333",-51.125,-60.4375,122.5,121,124
"3334",-51.125,-60.3125,164.198616536458,125,176.996541341146
"3335",-51.125,-60.1875,110.749567667643,62,179.996541341146
"3336",-51.125,-60.0625,117.802361653646,72.9375,171.05556233724
"3337",-51.125,-59.9375,127.66721979777,50,176
"3338",-51.125,-59.8125,137.756027520872,85,180
"3339",-51.125,-59.6875,133.176675534716,71,178.451395670573
"3340",-51.125,-59.5625,144.84988538954,79,179.451395670573
"3341",-51.125,-59.4375,145.455422350155,85,177.39931233724
"3342",-51.125,-59.3125,147.386615270856,114,179
"3343",-51.125,-59.1875,144.55271557124,68,180
"3344",-51.125,-59.0625,155.351896628355,90,179
"3345",-51.125,-58.9375,130.196129076409,89,179
"3346",-51.125,-58.8125,139.303893407186,82,176
"3347",-51.125,-58.6875,148.797841389974,102,177
"3348",-51.125,-58.5625,147.527393199779,104,180
"3349",-51.125,-58.4375,149.144278339956,84,179.40625
"3350",-51.125,-58.3125,143.75968718947,83,179.447916666667
"3351",-51.125,-58.1875,129.639706779929,84,178
"3352",-51.125,-58.0625,134.273104154147,85,179
"3353",-51.125,-57.9375,137.078127543132,86,175.847229003906
"3354",-51.125,-57.8125,139.480159214565,101,168
"3355",-51.125,-57.6875,157.980903116862,137,175
"3356",-51.125,-57.5625,167,167,167
"3357",-51.125,-57.4375,123.334491305881,72,143.006947835286
"3358",-51.125,-57.3125,138,121,155
"3359",-51.125,-57.1875,141.666666666667,133,159
"3360",-51.125,-57.0625,129.666666666667,120,149
"3361",-51.125,-56.8125,111,111,111
"3362",-51.125,-56.6875,136.4,112,147
"3363",-50.875,-75.9375,163.96875,163.46875,164.46875
"3364",-50.875,-61.4375,75,75,75
"3365",-50.875,-61.3125,86.3333333333333,49,134
"3366",-50.875,-61.1875,117.4,50,137
"3367",-50.875,-61.0625,137,136,138
"3368",-50.875,-60.6875,123.213294619606,115,133.99653116862
"3369",-50.875,-60.5625,126.664932250977,116,129.99653116862
"3370",-50.875,-60.4375,157.02380952381,105,180
"3371",-50.875,-60.3125,140.041378445095,126,177.996541341146
"3372",-50.875,-60.1875,111.799308268229,79,178.996541341146
"3373",-50.875,-60.0625,98.8945542720326,57,158
"3374",-50.875,-59.9375,114.899964255848,63,172.05556233724
"3375",-50.875,-59.8125,130.288006221887,61,180
"3376",-50.875,-59.6875,132.395317348183,64,176.802083333333
"3377",-50.875,-59.5625,145.143922766861,82,180
"3378",-50.875,-59.4375,134.802580043248,65,169
"3379",-50.875,-59.3125,146.883516584124,66,178.697916666667
"3380",-50.875,-59.1875,145.492131890191,67,179.954874674479
"3381",-50.875,-59.0625,145.259142609681,61,180
"3382",-50.875,-58.9375,141.630318323771,73,176.822916666667
"3383",-50.875,-58.8125,133.110628822977,74,176
"3384",-50.875,-58.6875,146.457154134115,87,180
"3385",-50.875,-58.5625,143.639804237767,83,178.822916666667
"3386",-50.875,-58.4375,145.681062825521,80,179.996541341146
"3387",-50.875,-58.3125,155.449865630179,97,179.847229003906
"3388",-50.875,-58.1875,153.398316010975,109.99653116862,180
"3389",-50.875,-58.0625,154.184180660524,87,180
"3390",-50.875,-57.9375,148.23090379503,96,180
"3391",-50.875,-57.8125,147.581597900391,135,178
"3392",-50.875,-57.6875,154.258433024089,127,173
"3393",-50.875,-57.5625,147.333333333333,123,165
"3394",-50.875,-57.4375,141.5,140,143
"3395",-50.875,-57.1875,136,136,136
"3396",-50.875,-57.0625,154,150,158
"3397",-50.875,-56.6875,132.5,103,168
"3398",-50.875,-56.5625,105,105,105
"3399",-50.875,-56.4375,113,113,113
"3400",-50.625,-75.9375,165.96875,165.46875,166.46875
"3401",-50.625,-61.3125,77,77,77
"3402",-50.625,-60.6875,114,114,114
"3403",-50.625,-60.5625,121.270519834576,111,127
"3404",-50.625,-60.4375,129.995993589744,103,162
"3405",-50.625,-60.3125,140.679166666667,98,180
"3406",-50.625,-60.1875,110.050810411241,58,178
"3407",-50.625,-60.0625,99.7719907407407,60,157
"3408",-50.625,-59.9375,103.791964285714,64.9479166666667,145
"3409",-50.625,-59.8125,119.113607088725,51,177.690979003906
"3410",-50.625,-59.6875,121.573078835657,69,176
"3411",-50.625,-59.5625,125.804527565285,58,178
"3412",-50.625,-59.4375,133.723686352111,71,179
"3413",-50.625,-59.3125,128.042849709802,80,179
"3414",-50.625,-59.1875,138.055812760895,60,179.697916666667
"3415",-50.625,-59.0625,136.281630822384,76,180
"3416",-50.625,-58.9375,129.802801223028,62,179
"3417",-50.625,-58.8125,141.532204821219,75,180
"3418",-50.625,-58.6875,140.042286286531,84,179.822916666667
"3419",-50.625,-58.5625,146.363177325274,92,179.802083333333
"3420",-50.625,-58.4375,142.017102813721,79,176.496541341146
"3421",-50.625,-58.3125,145.317259235147,76,179.864583333333
"3422",-50.625,-58.1875,162.722121113479,132,180
"3423",-50.625,-58.0625,156.899834835168,88,180
"3424",-50.625,-57.9375,163.084726155599,123.80556233724,179.413208007812
"3425",-50.625,-57.8125,154.059975363991,129,176
"3426",-50.625,-57.6875,135.279761904762,102,158.958333333333
"3427",-50.625,-57.5625,159.784722900391,144.006947835286,174
"3428",-50.625,-57.4375,136.233507792155,73,168.975697835286
"3429",-50.625,-57.3125,156.489583333333,137,167
"3430",-50.625,-57.1875,151,151,151
"3431",-50.625,-57.0625,165.979166666667,163.958333333333,168
"3432",-50.625,-56.9375,158,158,158
"3433",-50.625,-56.5625,126,104,148
"3434",-50.625,-56.1875,114,114,114
"3435",-50.375,-75.9375,167.96875,167.46875,168.46875
"3436",-50.375,-61.1875,78,78,78
"3437",-50.375,-60.5625,114.624566396077,107,126
"3438",-50.375,-60.4375,113.702733193674,83,128
"3439",-50.375,-60.3125,119.403356764052,59,158
"3440",-50.375,-60.1875,109.274553571429,61,174
"3441",-50.375,-60.0625,96.6300505050505,67.9479166666667,165
"3442",-50.375,-59.9375,114.069830246914,66.9479166666667,167
"3443",-50.375,-59.8125,136.682620211764,72,180
"3444",-50.375,-59.6875,124.675595964704,52,180
"3445",-50.375,-59.5625,124.214393565857,53,180
"3446",-50.375,-59.4375,119.37046585602,70,178
"3447",-50.375,-59.3125,125.944308411841,59,179
"3448",-50.375,-59.1875,128.009816878881,76,178.121541341146
"3449",-50.375,-59.0625,133.416068943068,74,180
"3450",-50.375,-58.9375,131.793796498288,84.9965311686198,179
"3451",-50.375,-58.8125,133.411912195214,63,179.673624674479
"3452",-50.375,-58.6875,142.154831857392,65,179.590291341146
"3453",-50.375,-58.5625,140.384565386856,91,179.631958007812
"3454",-50.375,-58.4375,134.917306290192,70,178.298624674479
"3455",-50.375,-58.3125,152.306811014811,86,180
"3456",-50.375,-58.1875,152.102961885756,89,179
"3457",-50.375,-58.0625,159.695698242187,110.99653116862,180
"3458",-50.375,-57.9375,146.649440667568,97,179
"3459",-50.375,-57.8125,149.746876525879,109,177
"3460",-50.375,-57.6875,140.407989501953,103,177.815979003906
"3461",-50.375,-57.5625,156.666666666667,142,166
"3462",-50.375,-57.4375,158.5,156,161
"3463",-50.375,-57.3125,164.5,152,175
"3464",-50.375,-56.6875,144,144,144
"3465",-50.375,-56.5625,143,117,169
"3466",-50.375,-56.1875,106,106,106
"3467",-50.125,-75.9375,169.46875,169.46875,169.46875
"3468",-50.125,-75.8125,170.46875,170.46875,170.46875
"3469",-50.125,-61.0625,79.5,79,80
"3470",-50.125,-60.9375,81.5,81,82
"3471",-50.125,-60.8125,83,83,83
"3472",-50.125,-60.5625,103.428571428571,101,106
"3473",-50.125,-60.4375,101.06875,84,116.947916666667
"3474",-50.125,-60.3125,99.8470643939394,61,145.947916666667
"3475",-50.125,-60.1875,87.8767857142857,64,172
"3476",-50.125,-60.0625,108.142857142857,71,155
"3477",-50.125,-59.9375,122.153846153846,84,168
"3478",-50.125,-59.8125,147.010648261176,73,176
"3479",-50.125,-59.6875,130.50675229673,55,178
"3480",-50.125,-59.5625,124.585292979183,54,179
"3481",-50.125,-59.4375,138.593636067708,69,180
"3482",-50.125,-59.3125,135.527585912634,70,178.05556233724
"3483",-50.125,-59.1875,130.466785646834,64,180
"3484",-50.125,-59.0625,132.304481627449,71,179.121541341146
"3485",-50.125,-58.9375,130.680220245033,73,178
"3486",-50.125,-58.8125,132.172650615986,72,179.11806233724
"3487",-50.125,-58.6875,134.891976137514,67,166.99653116862
"3488",-50.125,-58.5625,134.469022274017,68,176.861124674479
"3489",-50.125,-58.4375,139.039684477307,71,179.298624674479
"3490",-50.125,-58.3125,142.639292399089,88,180
"3491",-50.125,-58.1875,155.061230129666,111.99653116862,179.190979003906
"3492",-50.125,-58.0625,152.944606434215,98,178.548624674479
"3493",-50.125,-57.9375,163.635418023003,126,179.815979003906
"3494",-50.125,-57.8125,149.480903625488,105,173
"3495",-50.125,-57.6875,141.456598917643,104,178.815979003906
"3496",-50.125,-57.5625,163.493924458822,157,169.975697835286
"3497",-50.125,-57.4375,164.666666666667,154,170
"3498",-50.125,-57.3125,121.666666666667,74,153
"3499",-50.125,-57.1875,159,159,159
"3500",-50.125,-56.8125,169.986111111111,164.958333333333,176
"3501",-50.125,-56.6875,145,145,145
"3502",-50.125,-56.5625,149,149,149
"3503",-50.125,-56.4375,105,105,105
"3504",-50.125,-56.0625,115,115,115
"3505",-49.875,-75.8125,172.46875,171.46875,173.46875
"3506",-49.875,-60.8125,84.5,84,85
"3507",-49.875,-60.6875,98,97,99
"3508",-49.875,-60.5625,100,100,100
"3509",-49.875,-60.4375,101.883012820513,86,113.947916666667
"3510",-49.875,-60.3125,100.0625,65,147.947916666667
"3511",-49.875,-60.1875,122.48,60,154
"3512",-49.875,-60.0625,102.333333333333,70,171
"3513",-49.875,-59.9375,115.085227272727,79.9375,176
"3514",-49.875,-59.8125,143.577054071088,74,177
"3515",-49.875,-59.6875,136.741569155738,102,175.371541341146
"3516",-49.875,-59.5625,150.765314346705,95,178
"3517",-49.875,-59.4375,143.71929359436,72,176
"3518",-49.875,-59.3125,139.438845398606,79.9965311686198,180
"3519",-49.875,-59.1875,140.435315167462,89,172.371541341146
"3520",-49.875,-59.0625,134.364584530101,85,180
"3521",-49.875,-58.9375,129.565603702626,65,177
"3522",-49.875,-58.8125,138.321339308613,66,179
"3523",-49.875,-58.6875,138.48638594778,75,178
"3524",-49.875,-58.5625,138.365220811632,76,178
"3525",-49.875,-58.4375,144.122263981746,73,178.267374674479
"3526",-49.875,-58.3125,151.295313008626,99,175
"3527",-49.875,-58.1875,156.273611958822,99,180
"3528",-49.875,-58.0625,153.556090526092,119,176
"3529",-49.875,-57.9375,150.967449188232,118,178
"3530",-49.875,-57.8125,153.606482611762,139,176.8125
"3531",-49.875,-57.6875,150.461807250977,147,153.923614501953
"3532",-49.875,-57.5625,162.75,157,171
"3533",-49.875,-57.4375,161,155,172
"3534",-49.875,-57.3125,168.5,168,169
"3535",-49.875,-57.1875,107,75,139
"3536",-49.875,-56.8125,119.5,119,120
"3537",-49.875,-56.6875,120.333333333333,118,122
"3538",-49.875,-56.5625,141,117,151
"3539",-49.875,-56.3125,117,116,118
"3540",-49.875,-56.0625,107,107,107
"3541",-49.875,-54.8125,178,178,178
"3542",-49.875,-54.5625,180,180,180
"3543",-49.625,-75.6875,174.96875,174.46875,175.46875
"3544",-49.625,-60.8125,90,86,94
"3545",-49.625,-60.6875,92.2,89,96
"3546",-49.625,-60.3125,136.605654761905,82,164.947916666667
"3547",-49.625,-60.1875,132.062836021505,62,176.947916666667
"3548",-49.625,-60.0625,114.444444444444,61,170
"3549",-49.625,-59.9375,135.840085630064,88,176
"3550",-49.625,-59.8125,135.588891310919,56,179.14931233724
"3551",-49.625,-59.6875,152.531130735902,91,178
"3552",-49.625,-59.5625,139.333868955955,82,175.892374674479
"3553",-49.625,-59.4375,153.051138213187,115,175
"3554",-49.625,-59.3125,151.085649956597,106,175.14931233724
"3555",-49.625,-59.1875,145.852626094112,102,179
"3556",-49.625,-59.0625,150.690157422832,84,180
"3557",-49.625,-58.9375,133.952490333619,86.9930623372396,177
"3558",-49.625,-58.8125,131.899815008892,80,180
"3559",-49.625,-58.6875,134.00756472633,67,180
"3560",-49.625,-58.5625,136.080513159434,68,179
"3561",-49.625,-58.4375,132.17023133395,82,179
"3562",-49.625,-58.3125,148.039208306207,87,179
"3563",-49.625,-58.1875,158.63107808431,139,176
"3564",-49.625,-58.0625,168.335418701172,148.80903116862,179
"3565",-49.625,-57.9375,169.86806233724,169.86806233724,169.86806233724
"3566",-49.625,-57.8125,151.40625,125,177.8125
"3567",-49.625,-57.6875,156.307871500651,148,166
"3568",-49.625,-57.5625,163.666666666667,159,172
"3569",-49.625,-57.4375,173,173,173
"3570",-49.625,-57.1875,153.5,140,167
"3571",-49.625,-57.0625,76,76,76
"3572",-49.625,-56.9375,165.958333333333,165.958333333333,165.958333333333
"3573",-49.625,-56.6875,137.333333333333,127,177
"3574",-49.625,-56.5625,146,110,175
"3575",-49.625,-56.1875,106,106,106
"3576",-49.625,-56.0625,108,108,108
"3577",-49.625,-55.3125,174,174,174
"3578",-49.625,-55.1875,175,175,175
"3579",-49.625,-55.0625,176,176,176
"3580",-49.625,-54.9375,177,177,177
"3581",-49.625,-54.6875,179,179,179
"3582",-49.625,-54.4375,175,175,175
"3583",-49.625,-54.0625,176,176,176
"3584",-49.375,-75.6875,176.46875,176.46875,176.46875
"3585",-49.375,-60.3125,107.072916666667,66,165.947916666667
"3586",-49.375,-60.1875,141.453414351852,67,179.947916666667
"3587",-49.375,-60.0625,107.307692307692,62,152
"3588",-49.375,-59.9375,135.384320710835,80.9375,179
"3589",-49.375,-59.8125,135.919643825955,76,178.621541341146
"3590",-49.375,-59.6875,144.813598097416,83,179
"3591",-49.375,-59.5625,136.941446477717,98,174.670145670573
"3592",-49.375,-59.4375,135.887566460503,91,176
"3593",-49.375,-59.3125,145.923613048735,105,180
"3594",-49.375,-59.1875,147.629585367839,104,180
"3595",-49.375,-59.0625,145.87731552124,83,180
"3596",-49.375,-58.9375,155.088746613147,123.27431233724,180
"3597",-49.375,-58.8125,141.447695684771,84,179.284729003906
"3598",-49.375,-58.6875,139.26764300922,77,179.8125
"3599",-49.375,-58.5625,124.888647744822,69,180
"3600",-49.375,-58.4375,128.887295009854,74,177.86806233724
"3601",-49.375,-58.3125,138.391341863894,88,180
"3602",-49.375,-58.1875,158.013259425308,135,174.975708007812
"3603",-49.375,-58.0625,169.25,167,173
"3604",-49.375,-57.9375,161.534229096912,139,174.871541341146
"3605",-49.375,-57.8125,154.782641601563,126,172.93056233724
"3606",-49.375,-57.6875,149.5,149,150
"3607",-49.375,-57.5625,148.776389567057,96,168.958333333333
"3608",-49.375,-57.4375,170.979166666667,167.958333333333,174
"3609",-49.375,-57.3125,176.5,173,180
"3610",-49.375,-57.1875,157.986111111111,141,166.958333333333
"3611",-49.375,-57.0625,170,170,170
"3612",-49.375,-56.9375,174,174,174
"3613",-49.375,-56.8125,94,77,111
"3614",-49.375,-56.6875,125.8,78,154
"3615",-49.375,-56.5625,128,79,153
"3616",-49.375,-56.4375,150.5,148,153
"3617",-49.375,-56.3125,142.666666666667,109,170
"3618",-49.375,-56.1875,176,176,176
"3619",-49.375,-55.9375,119,119,119
"3620",-49.375,-55.6875,107,107,107
"3621",-49.375,-55.3125,173,173,173
"3622",-49.375,-54.8125,174,174,174
"3623",-49.375,-53.8125,177,177,177
"3624",-49.125,-75.6875,177.96875,177.46875,178.46875
"3625",-49.125,-60.3125,112.5,94,128
"3626",-49.125,-60.1875,117,98,127
"3627",-49.125,-60.0625,121.375,63,150
"3628",-49.125,-59.9375,113.7,89,180
"3629",-49.125,-59.8125,141.568237746971,77,179.621541341146
"3630",-49.125,-59.6875,150.601043023003,108,180
"3631",-49.125,-59.5625,145.494600649233,108,176
"3632",-49.125,-59.4375,156.95646471855,121,178
"3633",-49.125,-59.3125,142.439102564103,101,173
"3634",-49.125,-59.1875,147.613282097711,90,179
"3635",-49.125,-59.0625,144.977936447308,103,178
"3636",-49.125,-58.9375,147.209183881072,81,180
"3637",-49.125,-58.8125,139.257937113444,79,180
"3638",-49.125,-58.6875,138.850427350427,82,179
"3639",-49.125,-58.5625,135.672454268844,70,178
"3640",-49.125,-58.4375,141.426563771566,75,180
"3641",-49.125,-58.3125,142.312640380859,86,179.746541341146
"3642",-49.125,-58.1875,147.54653116862,92,180
"3643",-49.125,-58.0625,160.176652272542,143.385416666667,173.871541341146
"3644",-49.125,-57.9375,157.333333333333,140,168
"3645",-49.125,-57.8125,166.75903116862,147.006947835286,178.8125
"3646",-49.125,-57.6875,136.75,95,174
"3647",-49.125,-57.5625,165,163,167
"3648",-49.125,-57.4375,167,164,170
"3649",-49.125,-57.3125,148.480903625488,97,175
"3650",-49.125,-57.1875,175.333333333333,171,179
"3651",-49.125,-57.0625,142,142,142
"3652",-49.125,-56.9375,112,112,112
"3653",-49.125,-56.8125,178,178,178
"3654",-49.125,-56.6875,135,135,135
"3655",-49.125,-56.5625,116.75,80,155
"3656",-49.125,-56.4375,150,150,150
"3657",-49.125,-56.3125,162.666666666667,154,179
"3658",-49.125,-55.9375,180,180,180
"3659",-49.125,-55.6875,145,120,170
"3660",-49.125,-55.5625,171,171,171
"3661",-49.125,-55.4375,172,172,172
"3662",-49.125,-53.4375,178,178,178
"3663",-49.125,-53.0625,179,179,179
"3664",-49.125,-52.8125,180,180,180
"3665",-48.875,-75.6875,179.46875,179.46875,179.46875
"3666",-48.875,-60.1875,121,99,142
"3667",-48.875,-60.0625,114.625,64,149
"3668",-48.875,-59.9375,113.822916666667,81.9375,138
"3669",-48.875,-59.8125,144.414216883042,57,179
"3670",-48.875,-59.6875,143.987847963969,90,180
"3671",-48.875,-59.5625,142.883756333503,88,180
"3672",-48.875,-59.4375,142.563889567057,100,173
"3673",-48.875,-59.3125,142.052373250326,92,171
"3674",-48.875,-59.1875,148.456756129409,93,180
"3675",-48.875,-59.0625,145.623410118951,102,177
"3676",-48.875,-58.9375,148.014921721037,92,177
"3677",-48.875,-58.8125,141.606868037471,80,179
"3678",-48.875,-58.6875,143.999914296468,78,179
"3679",-48.875,-58.5625,140.389931233724,71,180
"3680",-48.875,-58.4375,135.274226462194,76,179.902791341146
"3681",-48.875,-58.3125,135.462023417155,84,179
"3682",-48.875,-58.1875,146.517233012635,95,174
"3683",-48.875,-58.0625,137.857142857143,89,175
"3684",-48.875,-57.9375,147.923612806532,103,164
"3685",-48.875,-57.8125,149.201389567057,94,176
"3686",-48.875,-57.6875,158.828262720353,130,177.975708007812
"3687",-48.875,-57.5625,154.857142857143,128,177
"3688",-48.875,-57.4375,143.85119047619,104,169.958333333333
"3689",-48.875,-57.3125,144.375,106,166
"3690",-48.875,-57.1875,138.166666666667,98,151
"3691",-48.875,-57.0625,164.5,152,177
"3692",-48.875,-56.6875,158,158,158
"3693",-48.875,-56.5625,156.5,156,157
"3694",-48.875,-56.4375,138.666666666667,82,178
"3695",-48.875,-56.3125,177,177,177
"3696",-48.875,-55.9375,171,171,171
"3697",-48.875,-55.8125,168,168,168
"3698",-48.875,-55.6875,169,169,169
"3699",-48.875,-55.5625,121,121,121
"3700",-48.875,-55.4375,122,122,122
"3701",-48.875,-55.3125,108,108,108
"3702",-48.875,-55.1875,173,173,173
"3703",-48.875,-55.0625,112,112,112
"3704",-48.625,-60.1875,123.40625,102,146
"3705",-48.625,-60.0625,129,112,147
"3706",-48.625,-59.9375,104.161458333333,66,121
"3707",-48.625,-59.8125,125.591613769531,78,178
"3708",-48.625,-59.6875,145.25144788954,92,178.892374674479
"3709",-48.625,-59.5625,148.214226000237,111,178.670145670573
"3710",-48.625,-59.4375,139.173195800781,87,174
"3711",-48.625,-59.3125,145.022833005346,86,178
"3712",-48.625,-59.1875,150.03082953559,102,180
"3713",-48.625,-59.0625,149.624761121026,85,180
"3714",-48.625,-58.9375,148.748611595517,93,176.8125
"3715",-48.625,-58.8125,150.375930967785,84,176
"3716",-48.625,-58.6875,149.100132022892,83,180
"3717",-48.625,-58.5625,143.028087248626,82,178
"3718",-48.625,-58.4375,135.439469061957,72,178
"3719",-48.625,-58.3125,149.277666973811,89,180
"3720",-48.625,-58.1875,147.077174361034,96,180
"3721",-48.625,-58.0625,147.404672333688,85,178
"3722",-48.625,-57.9375,139.282318897736,86,176
"3723",-48.625,-57.8125,138.942708333333,104,168
"3724",-48.625,-57.6875,159.653048001803,131,179.975708007812
"3725",-48.625,-57.5625,162.388394310361,141,179.8125
"3726",-48.625,-57.4375,152,103,175
"3727",-48.625,-57.3125,150.75,107,171
"3728",-48.625,-57.1875,130.5,108,153
"3729",-48.625,-57.0625,163,144,178
"3730",-48.625,-56.8125,159,159,159
"3731",-48.625,-56.5625,136,136,136
"3732",-48.625,-56.4375,125.666666666667,83,157
"3733",-48.625,-56.3125,154.8,138,160
"3734",-48.625,-56.1875,150,139,161
"3735",-48.625,-55.9375,167,167,167
"3736",-48.625,-55.5625,172,172,172
"3737",-48.625,-55.3125,111,111,111
"3738",-48.625,-55.1875,123.5,123,124
"3739",-48.625,-54.9375,125,125,125
"3740",-48.625,-54.8125,113,113,113
"3741",-48.625,-53.3125,134,134,134
"3742",-48.625,-53.0625,135,135,135
"3743",-48.625,-52.9375,136,136,136
"3744",-48.625,-52.8125,137,137,137
"3745",-48.625,-52.5625,138,138,138
"3746",-48.375,-60.0625,118.5,98,139
"3747",-48.375,-59.9375,117.244544619606,65,166
"3748",-48.375,-59.8125,122.318287489149,58,180
"3749",-48.375,-59.6875,154.567868319425,114,180
"3750",-48.375,-59.5625,143.561221474095,82,179.670145670573
"3751",-48.375,-59.4375,154.689814927843,104,179
"3752",-48.375,-59.3125,154.203343391418,114,179
"3753",-48.375,-59.1875,146.405797986017,101,174
"3754",-48.375,-59.0625,141.087742732121,99,180
"3755",-48.375,-58.9375,136.641814382453,95,177
"3756",-48.375,-58.8125,148.483535602529,97,180
"3757",-48.375,-58.6875,150.980556815011,85,180
"3758",-48.375,-58.5625,147.330086000504,91,180
"3759",-48.375,-58.4375,136.398294236925,90,173
"3760",-48.375,-58.3125,144.490063546718,91,179.86806233724
"3761",-48.375,-58.1875,142.954496149431,73,179
"3762",-48.375,-58.0625,152.112655074508,74,180
"3763",-48.375,-57.9375,150.252481369745,88,179.871541341146
"3764",-48.375,-57.8125,162.685069783529,141,178.84375
"3765",-48.375,-57.6875,170.481151762463,157.52431233724,179.84375
"3766",-48.375,-57.5625,168.586112467448,152,176
"3767",-48.375,-57.4375,157.355904897054,102,178
"3768",-48.375,-57.3125,147.833333333333,101,180
"3769",-48.375,-57.1875,146.610243479411,100,178
"3770",-48.375,-57.0625,148.5,99,177
"3771",-48.375,-56.9375,166.75,145,179
"3772",-48.375,-56.8125,174,174,174
"3773",-48.375,-56.5625,84,84,84
"3774",-48.375,-56.4375,142,142,142
"3775",-48.375,-56.3125,141,141,141
"3776",-48.375,-56.1875,157.25,140,164
"3777",-48.375,-56.0625,165,165,165
"3778",-48.375,-55.9375,166,166,166
"3779",-48.375,-55.1875,109.5,109,110
"3780",-48.375,-55.0625,127,127,127
"3781",-48.375,-54.9375,127,126,128
"3782",-48.375,-53.6875,132,132,132
"3783",-48.375,-53.5625,133,133,133
"3784",-48.375,-52.4375,139,139,139
"3785",-48.125,-60.0625,119.98119269477,66,167
"3786",-48.125,-59.9375,113.322916666667,84.9375,136
"3787",-48.125,-59.8125,109.444444444444,79,151
"3788",-48.125,-59.6875,141.396565755208,83,180
"3789",-48.125,-59.5625,142.059772673107,103,177
"3790",-48.125,-59.4375,147.664005872938,99,180
"3791",-48.125,-59.3125,146.342172796076,88,178
"3792",-48.125,-59.1875,140.76,90,180
"3793",-48.125,-59.0625,140.608334960937,97,179
"3794",-48.125,-58.9375,143.483545275702,94,178
"3795",-48.125,-58.8125,145.518850175161,86,180
"3796",-48.125,-58.6875,142.977721037688,92,180
"3797",-48.125,-58.5625,151.684747805541,105,178
"3798",-48.125,-58.4375,149.552289775774,111,180
"3799",-48.125,-58.3125,152.992808750698,91,180
"3800",-48.125,-58.1875,144.76949994992,90,175
"3801",-48.125,-58.0625,165.666666666667,134,178
"3802",-48.125,-57.9375,151.331757516572,75,178
"3803",-48.125,-57.8125,135.75,76,168
"3804",-48.125,-57.6875,165.041283501519,153,178.871541341146
"3805",-48.125,-57.5625,154.553077334449,112,177.871541341146
"3806",-48.125,-57.4375,170.5,169,172
"3807",-48.125,-57.3125,155.5,155,156
"3808",-48.125,-57.1875,155.307871500651,146,161
"3809",-48.125,-57.0625,131.5,86,169
"3810",-48.125,-56.9375,163,146,180
"3811",-48.125,-56.8125,129,85,173
"3812",-48.125,-56.6875,160.2,144,172
"3813",-48.125,-56.5625,162.454545454545,143,169
"3814",-48.125,-55.0625,131,131,131
"3815",-48.125,-54.6875,114,114,114
"3816",-48.125,-53.8125,131,131,131
"3817",-47.875,-60.4375,108.5,101,116
"3818",-47.875,-60.3125,115,115,115
"3819",-47.875,-60.1875,127.754862467448,100,159.77431233724
"3820",-47.875,-60.0625,110.6875,67,153
"3821",-47.875,-59.9375,113.11328125,85.9375,171
"3822",-47.875,-59.8125,133.121065945095,59,172
"3823",-47.875,-59.6875,132.633783078661,91,164
"3824",-47.875,-59.5625,140.670139454029,107,176
"3825",-47.875,-59.4375,150.589699639214,97,179
"3826",-47.875,-59.3125,141.516927083333,92,180
"3827",-47.875,-59.1875,144.893930742818,89,179
"3828",-47.875,-59.0625,143.927450615063,87,180
"3829",-47.875,-58.9375,143.139276575159,88,178
"3830",-47.875,-58.8125,140.837848409017,86,176.753479003906
"3831",-47.875,-58.6875,145.815781204789,93,180
"3832",-47.875,-58.5625,144.619337115371,92,176
"3833",-47.875,-58.4375,150.121528775084,117,176
"3834",-47.875,-58.3125,158.10141966078,101,176.625
"3835",-47.875,-58.1875,153.992767333984,100,179
"3836",-47.875,-58.0625,153.270836724175,143.80556233724,161
"3837",-47.875,-57.9375,150.5,136,179
"3838",-47.875,-57.8125,137.641204833984,77,173
"3839",-47.875,-57.6875,152.01215616862,113,176
"3840",-47.875,-57.5625,161.923614501953,161.923614501953,161.923614501953
"3841",-47.875,-57.4375,167.461807250977,160.923614501953,174
"3842",-47.875,-57.3125,164.240451812744,157,175
"3843",-47.875,-57.1875,140.6,87,161
"3844",-47.875,-57.0625,160.5,159,162
"3845",-47.875,-56.9375,171,171,171
"3846",-47.875,-56.8125,148,148,148
"3847",-47.875,-56.6875,146,145,147
"3848",-47.875,-56.5625,157.666666666667,155,160
"3849",-47.875,-56.4375,156.5,156,157
"3850",-47.875,-55.1875,118.5,118,119
"3851",-47.875,-55.0625,120.8,116,130
"3852",-47.875,-54.9375,130.5,129,132
"3853",-47.875,-54.8125,115,115,115
"3854",-47.875,-53.8125,130,130,130
"3855",-47.875,-52.3125,140,140,140
"3856",-47.625,-60.5625,108,103,118
"3857",-47.625,-60.4375,103.8,70,117
"3858",-47.625,-60.3125,93,69,141
"3859",-47.625,-60.1875,118.166666666667,68,168
"3860",-47.625,-60.0625,114.097222222222,86,144
"3861",-47.625,-59.9375,118.833333333333,111,138
"3862",-47.625,-59.8125,128.352115053119,60,174
"3863",-47.625,-59.6875,136.803504712654,80,177
"3864",-47.625,-59.5625,137.23578171503,96,165
"3865",-47.625,-59.4375,157.774150963986,116,179.996541341146
"3866",-47.625,-59.3125,150.276389567057,100,179
"3867",-47.625,-59.1875,152.564081365412,113.99306233724,178.996541341146
"3868",-47.625,-59.0625,142.050256561815,96,173
"3869",-47.625,-58.9375,143.806714545356,95,179
"3870",-47.625,-58.8125,143.11082288954,95,178
"3871",-47.625,-58.6875,157.071047269381,118,177
"3872",-47.625,-58.5625,147.833333931717,104,179
"3873",-47.625,-58.4375,154.105431758996,120.99653116862,172.996541341146
"3874",-47.625,-58.3125,146.480556233724,107,180
"3875",-47.625,-58.1875,159.571428571429,156,166
"3876",-47.625,-58.0625,150.503473917643,145,156.006947835286
"3877",-47.625,-57.9375,148.25,114,180
"3878",-47.625,-57.8125,103.666666666667,78,154
"3879",-47.625,-57.6875,177,177,177
"3880",-47.625,-57.5625,168.46528116862,149,176.93056233724
"3881",-47.625,-57.4375,161.5,150,173
"3882",-47.625,-57.3125,160.25,151,164
"3883",-47.625,-57.1875,108.666666666667,88,149
"3884",-47.625,-57.0625,160,160,160
"3885",-47.625,-56.9375,155,147,163
"3886",-47.625,-56.8125,139,114,164
"3887",-47.625,-56.6875,150,149,151
"3888",-47.625,-56.5625,153,152,154
"3889",-47.625,-54.9375,122,122,122
"3890",-47.625,-53.9375,129,129,129
"3891",-47.375,-60.6875,124.222222222222,120,129
"3892",-47.375,-60.5625,108.166666666667,104,119
"3893",-47.375,-60.4375,142,142,142
"3894",-47.375,-60.3125,70.5,70,71
"3895",-47.375,-60.1875,154.88715616862,128,169
"3896",-47.375,-60.0625,125.255681818182,91.9375,170
"3897",-47.375,-59.9375,137.714285714286,109,149
"3898",-47.375,-59.8125,139.059276762463,61,175
"3899",-47.375,-59.6875,134.511879368832,92,178
"3900",-47.375,-59.5625,147.374173603361,113,180
"3901",-47.375,-59.4375,151.567626468719,97,180
"3902",-47.375,-59.3125,154.345487154447,102,180
"3903",-47.375,-59.1875,151.442042424129,100,178.753479003906
"3904",-47.375,-59.0625,158.862105112227,96,177
"3905",-47.375,-58.9375,160.094384395715,118.170145670573,172
"3906",-47.375,-58.8125,155.809773036412,145,173.975708007812
"3907",-47.375,-58.6875,159.998131385216,143,172.975708007812
"3908",-47.375,-58.5625,145.499710930718,106,177
"3909",-47.375,-58.4375,155.249566396077,121.99653116862,174
"3910",-47.375,-58.3125,163.90451558431,159.80903116862,168
"3911",-47.375,-58.1875,151,136,167
"3912",-47.375,-58.0625,147.003473917643,137,157.006947835286
"3913",-47.375,-57.9375,145,145,145
"3914",-47.375,-57.8125,161.73264058431,146,179.93056233724
"3915",-47.375,-57.6875,143.285714285714,80,178
"3916",-47.375,-57.4375,178.5,177,180
"3917",-47.375,-57.3125,173,165,178
"3918",-47.375,-57.1875,134.375,90,179
"3919",-47.375,-56.9375,171.958333333333,171.958333333333,171.958333333333
"3920",-47.375,-56.8125,176,176,176
"3921",-47.375,-56.6875,174.5,172,177
"3922",-47.375,-56.5625,171.5,165,178
"3923",-47.375,-54.8125,128,123,133
"3924",-47.375,-52.1875,141,141,141
"3925",-47.125,-60.6875,129.333333333333,127,131
"3926",-47.125,-60.5625,133,132,134
"3927",-47.125,-60.4375,118,109,135
"3928",-47.125,-60.3125,128.5,114,143
"3929",-47.125,-60.1875,71.5,71,72
"3930",-47.125,-60.0625,126.294908311632,72,163.77431233724
"3931",-47.125,-59.9375,118.5,62,150
"3932",-47.125,-59.8125,152.294643583752,99,180
"3933",-47.125,-59.6875,141.980114098751,81,175
"3934",-47.125,-59.5625,150.591565544223,97,172.93056233724
"3935",-47.125,-59.4375,149.566447864879,104.99653116862,178.40625
"3936",-47.125,-59.3125,160.704477380823,115.99306233724,179.913208007812
"3937",-47.125,-59.1875,154.562934875488,130.99653116862,172
"3938",-47.125,-59.0625,150.6307060605,118,172
"3939",-47.125,-58.9375,156.676550449469,128.99653116862,171.798624674479
"3940",-47.125,-58.8125,147.832177056207,126.99653116862,169
"3941",-47.125,-58.6875,133.99826558431,124.99653116862,144
"3942",-47.125,-58.5625,154.856647309803,123.99653116862,171
"3943",-47.125,-58.4375,123.333333333333,107,155
"3944",-47.125,-58.3125,162.60301038954,152,175
"3945",-47.125,-58.1875,154.333333333333,137,179
"3946",-47.125,-58.0625,144.5,115,163
"3947",-47.125,-57.9375,155.801389567057,139,161
"3948",-47.125,-57.8125,155.316407521566,84,179
"3949",-47.125,-57.6875,143.83738538954,82,180
"3950",-47.125,-57.5625,166.503473917643,160.006947835286,173
"3951",-47.125,-57.3125,156.751736958822,151,163
"3952",-47.125,-57.1875,152.8,92,179
"3953",-47.125,-57.0625,171,167,175
"3954",-47.125,-56.9375,158,148,168
"3955",-47.125,-56.8125,175.75,169,179
"3956",-47.125,-56.6875,175.666666666667,173,180
"3957",-47.125,-56.5625,143.979166666667,115,172.958333333333
"3958",-47.125,-56.4375,179.333333333333,179,180
"3959",-47.125,-56.3125,166,166,166
"3960",-47.125,-54.6875,129,124,134
"3961",-47.125,-53.9375,128,128,128
"3962",-47.125,-52.1875,142,142,142
"3963",-46.875,-60.4375,136,136,136
"3964",-46.875,-60.3125,124.5,111,138
"3965",-46.875,-60.1875,126.75,113,140
"3966",-46.875,-60.0625,123.900908641326,74,164.77431233724
"3967",-46.875,-59.9375,131.209635416667,73,172
"3968",-46.875,-59.8125,153.357219040996,94,171
"3969",-46.875,-59.6875,138.634115854899,94,176.93056233724
"3970",-46.875,-59.5625,162.750965824834,129,179
"3971",-46.875,-59.4375,155.895835028754,103,179.753479003906
"3972",-46.875,-59.3125,158.799606323242,101,180
"3973",-46.875,-59.1875,153.625771981699,119,177
"3974",-46.875,-59.0625,163.125581529405,151,173
"3975",-46.875,-58.9375,162.596790313721,158.954864501953,172
"3976",-46.875,-58.8125,162.954864501953,162.954864501953,162.954864501953
"3977",-46.875,-58.6875,144.375,93,172
"3978",-46.875,-58.5625,150.625,91,179
"3979",-46.875,-58.4375,145.666666666667,90,169
"3980",-46.875,-58.3125,148.241204155816,89,168
"3981",-46.875,-58.1875,154.375,88,180
"3982",-46.875,-58.0625,121,87,164
"3983",-46.875,-57.9375,126.5,86,167
"3984",-46.875,-57.8125,154.56293741862,85,178.93056233724
"3985",-46.875,-57.6875,167.816289728338,155,179
"3986",-46.875,-57.5625,161.666666666667,154,166
"3987",-46.875,-57.4375,153,142,164
"3988",-46.875,-57.3125,161.5,143,180
"3989",-46.875,-57.1875,127.503473917643,93,162.006947835286
"3990",-46.875,-57.0625,152.666666666667,149,155
"3991",-46.875,-56.8125,176,176,176
"3992",-46.875,-56.6875,175,175,175
"3993",-46.875,-56.5625,173.479166666667,170,176.958333333333
"3994",-46.875,-56.4375,178.458333333333,177.958333333333,178.958333333333
"3995",-46.875,-56.3125,173.958333333333,173.958333333333,173.958333333333
"3996",-46.875,-56.1875,171,171,171
"3997",-46.875,-56.0625,167,167,167
"3998",-46.875,-54.5625,130,125,135
"3999",-46.875,-54.3125,126,126,126
"4000",-46.875,-54.0625,127,127,127
"4001",-46.625,-60.0625,133.903937445747,97.9375,165.77431233724
"4002",-46.625,-59.9375,128.726080435294,63,173
"4003",-46.625,-59.8125,144.955055519387,102,177.93056233724
"4004",-46.625,-59.6875,139.181035184312,82,177
"4005",-46.625,-59.5625,145.865799458822,102,176
"4006",-46.625,-59.4375,153.377029418945,117,176
"4007",-46.625,-59.3125,167.666666666667,157,178
"4008",-46.625,-59.1875,151.405095418294,120,173.798624674479
"4009",-46.625,-59.0625,163,162,164
"4010",-46.625,-58.9375,173.5,171,176
"4011",-46.625,-58.8125,150.993552071708,95,180
"4012",-46.625,-58.6875,163.333333333333,146,172
"4013",-46.625,-58.5625,159.25,111,180
"4014",-46.625,-58.4375,148.75,110,166
"4015",-46.625,-58.3125,157.40451558431,151,163.80903116862
"4016",-46.625,-58.1875,176.5,176,177
"4017",-46.625,-58.0625,169.5,169,170
"4018",-46.625,-57.9375,131.25,118,168
"4019",-46.625,-57.8125,170,161,175
"4020",-46.625,-57.6875,172,164,180
"4021",-46.625,-57.5625,174,174,174
"4022",-46.625,-57.4375,167,167,167
"4023",-46.625,-57.1875,151.2,144,156
"4024",-46.625,-57.0625,135.668982611762,94,163.006947835286
"4025",-46.625,-56.4375,145.979166666667,116,175.958333333333
"4026",-46.625,-56.3125,177.458333333333,174.958333333333,179.958333333333
"4027",-46.625,-55.9375,172,172,172
"4028",-46.625,-55.8125,168,168,168
"4029",-46.625,-55.5625,173,173,173
"4030",-46.625,-54.3125,136,136,136
"4031",-46.625,-54.0625,137,137,137
"4032",-46.625,-52.0625,143,143,143
"4033",-46.375,-60.0625,134.5875,98.9375,156
"4034",-46.375,-59.9375,133.072222900391,74,174
"4035",-46.375,-59.8125,142.644221714565,95,178
"4036",-46.375,-59.6875,152.838194986979,106.99653116862,180
"4037",-46.375,-59.5625,152.976854960124,108,179
"4038",-46.375,-59.4375,161.152086385091,135.99653116862,180
"4039",-46.375,-59.3125,148.090278262184,121,175
"4040",-46.375,-59.1875,169,169,169
"4041",-46.375,-59.0625,173.25,164,180
"4042",-46.375,-58.9375,147.166666666667,98,178
"4043",-46.375,-58.8125,97,97,97
"4044",-46.375,-58.6875,141.564980643136,113,169
"4045",-46.375,-58.5625,143,112,174
"4046",-46.375,-58.4375,163.923612467448,148,174
"4047",-46.375,-58.3125,158.75,149,175
"4048",-46.375,-58.1875,168,162,178
"4049",-46.375,-58.0625,173.841437445747,171,178.52431233724
"4050",-46.375,-57.9375,146.646330333891,121,180
"4051",-46.375,-57.8125,169.01215616862,160,176
"4052",-46.375,-57.6875,163.00607808431,159,171.52431233724
"4053",-46.375,-57.5625,157.5,157,158
"4054",-46.375,-57.4375,162.25,156,168
"4055",-46.375,-57.3125,151.333333333333,145,155
"4056",-46.375,-57.0625,164.006947835286,164.006947835286,164.006947835286
"4057",-46.375,-56.9375,95,95,95
"4058",-46.375,-56.8125,96.5,96,97
"4059",-46.375,-56.6875,98,98,98
"4060",-46.375,-56.3125,117,117,117
"4061",-46.375,-56.1875,118,118,118
"4062",-46.375,-55.6875,169,169,169
"4063",-46.375,-55.3125,174,174,174
"4064",-46.375,-55.0625,175,175,175
"4065",-46.375,-54.8125,156,156,156
"4066",-46.375,-54.6875,157,157,157
"4067",-46.375,-54.5625,158,158,158
"4068",-46.375,-54.3125,159,159,159
"4069",-46.375,-54.0625,160,160,160
"4070",-46.375,-53.9375,138,138,138
"4071",-46.375,-53.8125,161,161,161
"4072",-46.375,-53.5625,162,162,162
"4073",-46.375,-53.4375,163,163,163
"4074",-46.375,-53.3125,164,164,164
"4075",-46.375,-51.9375,144,144,144
"4076",-46.125,-60.0625,120.5,117,124
"4077",-46.125,-59.9375,127.533681233724,64,176
"4078",-46.125,-59.8125,141.626737594604,83,178.93056233724
"4079",-46.125,-59.6875,160.414831423292,119,180
"4080",-46.125,-59.5625,161.862850613064,122.170145670573,177
"4081",-46.125,-59.4375,147.913487752279,104,175.690979003906
"4082",-46.125,-59.3125,146.712799072266,122,159
"4083",-46.125,-59.1875,149.426093691871,142.99653116862,161
"4084",-46.125,-59.0625,161.09028116862,140,179.361124674479
"4085",-46.125,-58.9375,142.833333333333,100,179
"4086",-46.125,-58.8125,166.726011334044,142,172
"4087",-46.125,-58.6875,164.651200727983,137.170145670573,180
"4088",-46.125,-58.5625,149.276389567057,116,175
"4089",-46.125,-58.4375,171.477432250977,166.954864501953,176
"4090",-46.125,-58.3125,168.318288167318,167.954864501953,169
"4091",-46.125,-58.1875,177,174,179
"4092",-46.125,-58.0625,172.565539042155,165,177.52431233724
"4093",-46.125,-57.9375,177.26215616862,175.52431233724,179
"4094",-46.125,-57.8125,152.5,125,180
"4095",-46.125,-57.6875,165.76215616862,159,172.52431233724
"4096",-46.125,-57.5625,158,158,158
"4097",-46.125,-57.4375,146,146,146
"4098",-46.125,-57.3125,165.006947835286,165.006947835286,165.006947835286
"4099",-46.125,-56.8125,117.5,117,118
"4100",-46.125,-56.6875,120.6,119,122
"4101",-46.125,-56.5625,99.5,99,100
"4102",-46.125,-56.4375,101.5,101,102
"4103",-46.125,-56.3125,103,103,103
"4104",-46.125,-56.1875,109.333333333333,104,119
"4105",-46.125,-55.6875,170,170,170
"4106",-46.125,-54.8125,155,155,155
"4107",-46.125,-53.3125,165,165,165
"4108",-45.875,-60.0625,119.46875,99.9375,139
"4109",-45.875,-59.9375,142.552735010783,77,177
"4110",-45.875,-59.8125,145.715651012602,100,180
"4111",-45.875,-59.6875,142.152778394295,105,178
"4112",-45.875,-59.5625,158.871963500977,125,178.975708007812
"4113",-45.875,-59.4375,161.182139078776,124,175.361124674479
"4114",-45.875,-59.3125,172.602872212728,163,177.361124674479
"4115",-45.875,-59.1875,174.453708224826,168,178.361124674479
"4116",-45.875,-59.0625,166,139,178
"4117",-45.875,-58.9375,162.43125406901,135.170145670573,174
"4118",-45.875,-58.8125,128.195024278429,102,175
"4119",-45.875,-58.6875,145.117014567057,106,178
"4120",-45.875,-58.5625,155.797223917643,109,173.99306233724
"4121",-45.875,-58.4375,141.380903116862,110,173
"4122",-45.875,-58.3125,162.090909090909,112,180
"4123",-45.875,-58.1875,157.995486450195,113,180
"4124",-45.875,-58.0625,173.477434794108,169.954864501953,180
"4125",-45.875,-57.9375,172.48871866862,168,176
"4126",-45.875,-57.8125,159.920718722873,128,177
"4127",-45.875,-57.6875,165.508104112413,148,175
"4128",-45.875,-57.5625,158,147,169
"4129",-45.875,-57.4375,166.006947835286,166.006947835286,166.006947835286
"4130",-45.875,-56.8125,115,114,116
"4131",-45.875,-56.6875,119,113,125
"4132",-45.875,-56.5625,123.5,123,124
"4133",-45.875,-56.0625,107,106,108
"4134",-45.875,-55.9375,120,120,120
"4135",-45.875,-55.8125,121,121,121
"4136",-45.875,-55.0625,176,176,176
"4137",-45.875,-54.8125,154,154,154
"4138",-45.875,-53.9375,139,139,139
"4139",-45.875,-53.1875,166,166,166
"4140",-45.875,-51.9375,145,145,145
"4141",-45.625,-60.0625,132.6,118,149
"4142",-45.625,-59.9375,140.438465259693,97,177
"4143",-45.625,-59.8125,136.769619750977,76,179.93056233724
"4144",-45.625,-59.6875,147.01896471855,106,178
"4145",-45.625,-59.5625,147.983025444878,126,178
"4146",-45.625,-59.4375,153.388198852539,125,177.975708007812
"4147",-45.625,-59.3125,157.803476969401,132.170145670573,179.975708007812
"4148",-45.625,-59.1875,155.875996907552,133.170145670573,178.975708007812
"4149",-45.625,-59.0625,161.677090115017,134.170145670573,179.975708007812
"4150",-45.625,-58.9375,159,147,167
"4151",-45.625,-58.8125,157.2,104,176
"4152",-45.625,-58.6875,173.5,170,177
"4153",-45.625,-58.5625,170,170,170
"4154",-45.625,-58.4375,163.993059794108,140.170145670573,174.99306233724
"4155",-45.625,-58.3125,163.997687445747,147,175.99306233724
"4156",-45.625,-58.1875,157.829864501953,123,179
"4157",-45.625,-58.0625,155.904520670573,124,171.809041341146
"4158",-45.625,-57.9375,153.233515421549,125,172.954874674479
"4159",-45.625,-57.8125,158.651624891493,126,178
"4160",-45.625,-57.6875,150,131,170
"4161",-45.625,-57.5625,167.006947835286,167.006947835286,167.006947835286
"4162",-45.625,-56.9375,129.5,129,130
"4163",-45.625,-56.8125,128,128,128
"4164",-45.625,-56.6875,126.5,126,127
"4165",-45.625,-56.5625,112,112,112
"4166",-45.625,-56.4375,111,111,111
"4167",-45.625,-56.1875,110,110,110
"4168",-45.625,-56.0625,109,109,109
"4169",-45.625,-55.6875,146.5,122,171
"4170",-45.625,-55.5625,123,123,123
"4171",-45.625,-55.1875,177,177,177
"4172",-45.625,-54.6875,153,153,153
"4173",-45.625,-53.9375,140,140,140
"4174",-45.625,-51.9375,146,146,146
"4175",-45.375,-60.0625,150.4,126,178
"4176",-45.375,-59.9375,144.160108778212,84,178
"4177",-45.375,-59.8125,150.030479148582,78,178
"4178",-45.375,-59.6875,151.820075757576,110,179
"4179",-45.375,-59.5625,141.639759487576,125.170145670573,179
"4180",-45.375,-59.4375,152.008397420247,128.170145670573,179.690979003906
"4181",-45.375,-59.3125,163.801595052083,131.170145670573,179.847229003906
"4182",-45.375,-59.1875,164.31852484809,153.99306233724,178.923624674479
"4183",-45.375,-59.0625,153,145,161
"4184",-45.375,-58.9375,163.5,161,166
"4185",-45.375,-58.8125,142,120,149
"4186",-45.375,-58.6875,137.4,121,171
"4187",-45.375,-58.5625,164.857142857143,124,179
"4188",-45.375,-58.4375,171.4,152,180
"4189",-45.375,-58.3125,150.333333333333,125,178
"4190",-45.375,-58.1875,164.998612467448,153,176.99306233724
"4191",-45.375,-58.0625,164,151,180
"4192",-45.375,-57.9375,149.5,114,175
"4193",-45.375,-57.8125,161.394845145089,127,176
"4194",-45.375,-57.6875,153.4,132,179
"4195",-45.375,-57.5625,160.253473917643,151,168.006947835286
"4196",-45.375,-57.1875,135,134,136
"4197",-45.375,-57.0625,132,131,133
"4198",-45.375,-55.6875,172,172,172
"4199",-45.375,-55.5625,124,124,124
"4200",-45.375,-54.6875,152,152,152
"4201",-45.375,-54.5625,150.5,150,151
"4202",-45.375,-54.4375,149,149,149
"4203",-45.375,-54.3125,148,148,148
"4204",-45.375,-54.1875,147,147,147
"4205",-45.375,-54.0625,146,146,146
"4206",-45.375,-53.9375,143.166666666667,141,145
"4207",-45.375,-53.1875,167,167,167
"4208",-45.375,-52.0625,147,147,147
"4209",-45.125,-60.0625,123.645833333333,100.9375,151
"4210",-45.125,-59.9375,141.446559297866,65,178
"4211",-45.125,-59.8125,140.05666143244,96,180
"4212",-45.125,-59.6875,150.786675771077,120,179
"4213",-45.125,-59.5625,162.999306233724,149,180
"4214",-45.125,-59.4375,160.05121866862,150,177.204874674479
"4215",-45.125,-59.3125,164.666666666667,159,168
"4216",-45.125,-59.1875,150.245663960775,143,160
"4217",-45.125,-59.0625,144.99306233724,141.99306233724,147.99306233724
"4218",-45.125,-58.9375,143.99653116862,136.99653116862,160
"4219",-45.125,-58.8125,132.999306233724,118,145
"4220",-45.125,-58.6875,161.814240519206,139.99653116862,171
"4221",-45.125,-58.5625,167.118637084961,140.99653116862,180
"4222",-45.125,-58.4375,155.712677001953,141.99653116862,171
"4223",-45.125,-58.3125,158.24826558431,143.99653116862,173
"4224",-45.125,-58.1875,153.399306233724,126,174
"4225",-45.125,-58.0625,159.623699188232,127,179
"4226",-45.125,-57.9375,162.860534667969,143.170145670573,178.99306233724
"4227",-45.125,-57.8125,170.936347113715,158,180
"4228",-45.125,-57.6875,164.325812445747,134,177
"4229",-45.125,-57.5625,171,171,171
"4230",-45.125,-57.4375,160.503473917643,152,169.006947835286
"4231",-45.125,-57.1875,137.5,137,138
"4232",-45.125,-55.4375,125,125,125
"4233",-45.125,-55.3125,178,178,178
"4234",-45.125,-53.1875,169,169,169
"4235",-45.125,-53.0625,168,168,168
"4236",-44.875,-60.0625,146,126,179
"4237",-44.875,-59.9375,145.063368903266,98,175
"4238",-44.875,-59.8125,138.622744750977,101,178.798624674479
"4239",-44.875,-59.6875,139.292534722222,77,176
"4240",-44.875,-59.5625,155.82014058431,121,179
"4241",-44.875,-59.4375,144.111111111111,123,157
"4242",-44.875,-59.3125,154.25,141,166
"4243",-44.875,-59.1875,152.333333333333,142,156
"4244",-44.875,-59.0625,148.426589239211,133.99653116862,160
"4245",-44.875,-58.9375,154.920675424429,135.99653116862,180
"4246",-44.875,-58.8125,160.9,117,178
"4247",-44.875,-58.6875,164.428822835286,154,180
"4248",-44.875,-58.5625,161.5,155,178
"4249",-44.875,-58.4375,167.857645670573,167.857645670573,167.857645670573
"4250",-44.875,-58.1875,148,147,149
"4251",-44.875,-58.0625,128.666666666667,128,129
"4252",-44.875,-57.9375,145.583338419596,144.170145670573,146.99653116862
"4253",-44.875,-57.8125,153.999306233724,115,176
"4254",-44.875,-57.6875,171.700525919596,159,179.99306233724
"4255",-44.875,-57.5625,162.307101779514,128,180
"4256",-44.875,-57.4375,163.936347113715,136,178
"4257",-44.875,-57.3125,155,155,155
"4258",-44.875,-57.1875,154.163197835286,130,178.809041341146
"4259",-44.875,-55.8125,174,174,174
"4260",-44.875,-55.6875,173,173,173
"4261",-44.875,-55.3125,126,126,126
"4262",-44.875,-55.1875,127,127,127
"4263",-44.875,-54.1875,180,180,180
"4264",-44.875,-53.1875,170,170,170
"4265",-44.875,-52.0625,148,148,148
"4266",-44.625,-60.1875,171,170,172
"4267",-44.625,-60.0625,145.991071428571,101.9375,174
"4268",-44.625,-59.9375,142.903472900391,66,175
"4269",-44.625,-59.8125,137.576058523996,85,180
"4270",-44.625,-59.6875,141.839121500651,78,180
"4271",-44.625,-59.5625,163.213544209798,129,179.204874674479
"4272",-44.625,-59.4375,145.882352941176,125,180
"4273",-44.625,-59.3125,149.5,139,165
"4274",-44.625,-59.1875,131.49653116862,130.99653116862,131.99653116862
"4275",-44.625,-59.0625,136.99454897926,131.99306233724,157
"4276",-44.625,-58.9375,165.388888888889,152,180
"4277",-44.625,-58.8125,156.238137139214,115,179
"4278",-44.625,-58.6875,164.077967788234,140,180
"4279",-44.625,-58.5625,163.3,142,174
"4280",-44.625,-58.4375,172.232205708822,144,180
"4281",-44.625,-58.3125,145,145,145
"4282",-44.625,-58.1875,135.5,131,146
"4283",-44.625,-58.0625,130,130,130
"4284",-44.625,-57.9375,153.390048556858,145.170145670573,158
"4285",-44.625,-57.8125,177,177,177
"4286",-44.625,-57.6875,146,116,176
"4287",-44.625,-57.5625,160.998843722873,148.99653116862,173
"4288",-44.625,-57.4375,167.47743733724,156,178.954874674479
"4289",-44.625,-57.3125,163.73871866862,129,179.954874674479
"4290",-44.625,-57.1875,146.5,137,156
"4291",-44.625,-57.0625,134.333333333333,131,140
"4292",-44.625,-56.9375,141,141,141
"4293",-44.625,-55.9375,176,176,176
"4294",-44.625,-55.8125,175,175,175
"4295",-44.625,-55.4375,179,179,179
"4296",-44.625,-55.0625,128,128,128
"4297",-44.625,-54.0625,179,179,179
"4298",-44.625,-53.9375,178,178,178
"4299",-44.625,-53.8125,177,177,177
"4300",-44.625,-53.6875,176,176,176
"4301",-44.625,-53.4375,172.5,172,173
"4302",-44.625,-53.3125,171,171,171
"4303",-44.625,-52.1875,149,149,149
"4304",-44.375,-60.3125,166.5,166,167
"4305",-44.375,-60.1875,168.5,168,169
"4306",-44.375,-60.0625,156,134,180
"4307",-44.375,-59.9375,152.32762945266,114,179
"4308",-44.375,-59.8125,144.159723307292,97,179
"4309",-44.375,-59.6875,139.039012235754,102,173
"4310",-44.375,-59.5625,131.579864501953,80,176.076395670573
"4311",-44.375,-59.4375,152.280864574291,129,174.510416666667
"4312",-44.375,-59.3125,141.071925571987,127.99306233724,179.510416666667
"4313",-44.375,-59.1875,136.24479675293,128.99306233724,155
"4314",-44.375,-59.0625,163,156,170
"4315",-44.375,-58.9375,164,148,177
"4316",-44.375,-58.8125,149.892940945095,114,178
"4317",-44.375,-58.6875,166,159,170
"4318",-44.375,-58.5625,164.875,160,175
"4319",-44.375,-58.4375,164.6,161,169
"4320",-44.375,-58.3125,160.337753758286,134,177
"4321",-44.375,-58.1875,159.8,149,164
"4322",-44.375,-58.0625,159.5,159,160
"4323",-44.375,-57.9375,166.390048556858,146.170145670573,179
"4324",-44.375,-57.8125,176.333333333333,175,178
"4325",-44.375,-57.5625,117,117,117
"4326",-44.375,-57.4375,169.5,162,177
"4327",-44.375,-57.3125,159.499421861437,118,179
"4328",-44.375,-57.1875,170.269680447049,158,179.809041341146
"4329",-44.375,-57.0625,170.001391601562,154,176
"4330",-44.375,-56.9375,149,133,157
"4331",-44.375,-56.8125,138,138,138
"4332",-44.375,-56.6875,142,142,142
"4333",-44.375,-56.0625,178.75,178,180
"4334",-44.375,-55.9375,177,177,177
"4335",-44.375,-55.8125,155,155,155
"4336",-44.375,-55.5625,159,141,180
"4337",-44.375,-54.9375,129,129,129
"4338",-44.375,-53.6875,175,175,175
"4339",-44.375,-53.5625,174,174,174
"4340",-44.375,-52.1875,150,150,150
"4341",-44.125,-60.3125,163.5,162,165
"4342",-44.125,-60.0625,138,121,155
"4343",-44.125,-59.9375,147.466320800781,102.9375,177
"4344",-44.125,-59.8125,133.465712229411,90,178
"4345",-44.125,-59.6875,138.4457812187,86,179.798624674479
"4346",-44.125,-59.5625,136.987058697325,79,171
"4347",-44.125,-59.4375,148.307120259603,81,177.076395670573
"4348",-44.125,-59.3125,156.310770670573,126.99306233724,179.996541341146
"4349",-44.125,-59.1875,174,174,174
"4350",-44.125,-59.0625,171.2,168,175
"4351",-44.125,-58.9375,152.206405074508,135,176
"4352",-44.125,-58.8125,145.214411417643,113,156
"4353",-44.125,-58.6875,165.333333333333,157,176
"4354",-44.125,-58.5625,177.5,177,178
"4355",-44.125,-58.4375,169.307692307692,141,179
"4356",-44.125,-58.3125,165.527511205429,137,180
"4357",-44.125,-58.1875,159.521037980622,138,179
"4358",-44.125,-58.0625,153.833333333333,144,172
"4359",-44.125,-57.9375,165.119215223524,144,180
"4360",-44.125,-57.8125,169.84077671596,147.170145670573,178
"4361",-44.125,-57.6875,170.177087402344,148.170145670573,179
"4362",-44.125,-57.5625,169.47135925293,149.170145670573,179.857645670573
"4363",-44.125,-57.3125,171.5,163,180
"4364",-44.125,-57.1875,153.249132792155,119,179
"4365",-44.125,-57.0625,151.99653116862,151.99653116862,151.99653116862
"4366",-44.125,-56.9375,165.201391601563,155,175
"4367",-44.125,-56.6875,158.002319335938,143,173.006958007812
"4368",-44.125,-52.1875,151,151,151
"4369",-43.875,-60.3125,157.5,154,161
"4370",-43.875,-59.9375,143.605324639214,103.9375,180
"4371",-43.875,-59.8125,147.061921861437,67,180
"4372",-43.875,-59.6875,148.6680875836,103,176
"4373",-43.875,-59.5625,138.085070800781,87,174
"4374",-43.875,-59.4375,135.315279134115,80,179.076395670573
"4375",-43.875,-59.3125,146.089334198923,123.99653116862,178
"4376",-43.875,-59.1875,142.599306233724,121.99653116862,180
"4377",-43.875,-59.0625,150.454230106238,120.99653116862,170
"4378",-43.875,-58.9375,141.813036013872,111,165
"4379",-43.875,-58.8125,155.142857142857,112,180
"4380",-43.875,-58.6875,167,163,175
"4381",-43.875,-58.5625,161.4,140,175
"4382",-43.875,-58.4375,157.5,131,175
"4383",-43.875,-58.3125,162.666666666667,144,176
"4384",-43.875,-58.1875,160.833333333333,132,180
"4385",-43.875,-58.0625,155.9,140,176
"4386",-43.875,-57.9375,143,143,143
"4387",-43.875,-57.6875,180,180,180
"4388",-43.875,-57.5625,171,171,171
"4389",-43.875,-57.4375,172.5,172,173
"4390",-43.875,-57.3125,135.585072835286,121,150.170145670573
"4391",-43.875,-57.1875,135.585072835286,120,151.170145670573
"4392",-43.875,-57.0625,166.085072835286,152.170145670573,180
"4393",-43.875,-56.9375,168.5,160,177
"4394",-43.875,-56.8125,165.66551038954,152.99653116862,178
"4395",-43.875,-56.6875,169.333333333333,156,176
"4396",-43.875,-56.5625,155.5,144,167
"4397",-43.875,-56.4375,156.503479003906,139,174.006958007812
"4398",-43.875,-56.0625,140,140,140
"4399",-43.875,-55.9375,154,154,154
"4400",-43.875,-55.1875,142,142,142
"4401",-43.875,-54.8125,130,130,130
"4402",-43.875,-52.3125,152,152,152
"4403",-43.625,-60.4375,180,180,180
"4404",-43.625,-60.3125,150.5,148,153
"4405",-43.625,-59.9375,143.626736111111,122,162
"4406",-43.625,-59.8125,137.885913667225,91,178
"4407",-43.625,-59.6875,143.264438562226,100,180
"4408",-43.625,-59.5625,144.999826558431,100,180
"4409",-43.625,-59.4375,131.556821880919,81,171.996541341146
"4410",-43.625,-59.3125,146.407741001674,132,174.996541341146
"4411",-43.625,-59.1875,173.5,167,180
"4412",-43.625,-59.0625,160.69394938151,134,179
"4413",-43.625,-58.9375,139.403390921798,106,177
"4414",-43.625,-58.8125,160.555170129847,118.99653116862,175
"4415",-43.625,-58.6875,164.888888888889,150,179
"4416",-43.625,-58.5625,145.444444444444,120,174
"4417",-43.625,-58.4375,160.75,143,175
"4418",-43.625,-58.3125,146.2,121,176
"4419",-43.625,-58.1875,154,133,171
"4420",-43.625,-58.0625,161.444444444444,146,178
"4421",-43.625,-57.9375,167.714285714286,157,177
"4422",-43.625,-57.8125,164.2,160,178
"4423",-43.625,-57.6875,165,163,167
"4424",-43.625,-57.3125,157,122,175
"4425",-43.625,-57.0625,153.170145670573,153.170145670573,153.170145670573
"4426",-43.625,-56.9375,144.085072835286,134,154.170145670573
"4427",-43.625,-56.8125,165.585072835286,155.170145670573,176
"4428",-43.625,-56.6875,153.99653116862,153.99653116862,153.99653116862
"4429",-43.625,-56.5625,179,179,179
"4430",-43.625,-56.4375,151,145,157
"4431",-43.625,-55.3125,157,157,157
"4432",-43.625,-52.3125,153,153,153
"4433",-43.375,-60.4375,176.333333333333,173,179
"4434",-43.375,-60.3125,145.75,144,147
"4435",-43.375,-60.1875,149.6,145,155
"4436",-43.375,-60.0625,154.4,150,158
"4437",-43.375,-59.9375,147.875,123,160
"4438",-43.375,-59.8125,147.787906222873,104.9375,173.74306233724
"4439",-43.375,-59.6875,143.65,68,180
"4440",-43.375,-59.5625,145.692307692308,112,177
"4441",-43.375,-59.4375,134.09775797526,88,176
"4442",-43.375,-59.3125,134.555363407841,82,173.996541341146
"4443",-43.375,-59.1875,133.571529134115,101,161
"4444",-43.375,-59.0625,123.607205708822,103,142.857645670573
"4445",-43.375,-58.9375,157.25,131,172
"4446",-43.375,-58.8125,162.75,139,180
"4447",-43.375,-58.6875,154.587827196308,116.99653116862,180
"4448",-43.375,-58.5625,152.2,129,173
"4449",-43.375,-58.4375,149.666666666667,130,174
"4450",-43.375,-58.3125,151.5,142,176
"4451",-43.375,-58.1875,157.5,127,177
"4452",-43.375,-58.0625,162.090909090909,138,180
"4453",-43.375,-57.9375,173.5,167,179
"4454",-43.375,-57.8125,173.666666666667,166,178
"4455",-43.375,-57.6875,175,168,180
"4456",-43.375,-57.5625,171.5,170,173
"4457",-43.375,-57.4375,178.5,177,180
"4458",-43.375,-57.3125,176,176,176
"4459",-43.375,-56.8125,157.780097113715,156.170145670573,161
"4460",-43.375,-56.6875,177,177,177
"4461",-43.375,-56.4375,163.5,159,168
"4462",-43.375,-56.3125,146,146,146
"4463",-43.375,-56.1875,147,147,147
"4464",-43.375,-56.0625,153,153,153
"4465",-43.375,-54.6875,131,131,131
"4466",-43.375,-52.3125,154,154,154
"4467",-43.125,-60.4375,169.625,166,174
"4468",-43.125,-60.3125,146.666666666667,141,165
"4469",-43.125,-60.1875,148.833333333333,143,152
"4470",-43.125,-60.0625,144.4,132,152
"4471",-43.125,-59.9375,142.5,130,158
"4472",-43.125,-59.8125,150.237447102865,92,179
"4473",-43.125,-59.6875,147.342174183239,105.9375,178
"4474",-43.125,-59.5625,145.776235509802,101,180
"4475",-43.125,-59.4375,133.142609369187,69,178
"4476",-43.125,-59.3125,132.6875,83,177
"4477",-43.125,-59.1875,108.333333333333,70,160
"4478",-43.125,-59.0625,99,91,107
"4479",-43.125,-58.9375,154.5,108,171
"4480",-43.125,-58.8125,156.928323654901,109,179
"4481",-43.125,-58.6875,147.036675771077,119,176
"4482",-43.125,-58.5625,160.161893208822,113,179.354166666667
"4483",-43.125,-58.4375,151,131,170
"4484",-43.125,-58.3125,153.416666666667,122,180
"4485",-43.125,-58.1875,156.555555555556,146,179
"4486",-43.125,-58.0625,175.6,171,179
"4487",-43.125,-57.9375,158.272727272727,135,179
"4488",-43.125,-57.8125,167,151,175
"4489",-43.125,-57.6875,161.666666666667,152,180
"4490",-43.125,-57.4375,175.5,174,177
"4491",-43.125,-57.3125,123,123,123
"4492",-43.125,-57.1875,164.170145670573,164.170145670573,164.170145670573
"4493",-43.125,-56.9375,155.085072835286,135,175.170145670573
"4494",-43.125,-56.8125,176.585072835286,176.170145670573,177
"4495",-43.125,-56.6875,169.585072835286,162,177.170145670573
"4496",-43.125,-56.5625,171.055558946398,154.99653116862,180
"4497",-43.125,-56.4375,169,169,169
"4498",-43.125,-56.3125,175.006958007812,175.006958007812,175.006958007812
"4499",-43.125,-56.1875,148,148,148
"4500",-43.125,-56.0625,150.5,149,152
"4501",-43.125,-55.3125,143,143,143
"4502",-43.125,-55.1875,158,158,158
"4503",-43.125,-52.4375,155.5,155,156
"4504",-42.875,-60.4375,151.166666666667,103,180
"4505",-42.875,-60.3125,156.8,102,177
"4506",-42.875,-60.1875,153.583333333333,137,174
"4507",-42.875,-60.0625,148.230769230769,133,171
"4508",-42.875,-59.9375,147.181818181818,94,169
"4509",-42.875,-59.8125,138.8,93,160
"4510",-42.875,-59.6875,150.175101143973,120,180
"4511",-42.875,-59.5625,150.446182250977,106.9375,179
"4512",-42.875,-59.4375,150.851191929408,106,178
"4513",-42.875,-59.3125,144.426017565605,102,179.631958007812
"4514",-42.875,-59.1875,130.412761688232,86,178
"4515",-42.875,-59.0625,123.253472900391,71,170
"4516",-42.875,-58.9375,140.841922693085,72,171
"4517",-42.875,-58.8125,148.8,112,178
"4518",-42.875,-58.6875,154.739583333333,110,175
"4519",-42.875,-58.5625,150.634259259259,124,172.354166666667
"4520",-42.875,-58.4375,154.595588235294,114,177.354166666667
"4521",-42.875,-58.3125,151.166666666667,115,169
"4522",-42.875,-58.1875,154.8,144,180
"4523",-42.875,-58.0625,179.5,179,180
"4524",-42.875,-57.9375,146.625,130,180
"4525",-42.875,-57.8125,173.333333333333,171,177
"4526",-42.875,-57.6875,178,178,178
"4527",-42.875,-57.5625,154,154,154
"4528",-42.875,-57.4375,173,173,173
"4529",-42.875,-57.3125,166.945604112413,124,180
"4530",-42.875,-57.1875,166.085072835286,162.170145670573,170
"4531",-42.875,-57.0625,173.170145670573,173.170145670573,173.170145670573
"4532",-42.875,-56.9375,174.170145670573,174.170145670573,174.170145670573
"4533",-42.875,-56.8125,178.5,178,179
"4534",-42.875,-56.6875,157.170145670573,157.170145670573,157.170145670573
"4535",-42.875,-56.5625,171.085072835286,163,179.170145670573
"4536",-42.875,-56.3125,158,158,158
"4537",-42.875,-56.0625,150,150,150
"4538",-42.875,-55.9375,151,151,151
"4539",-42.875,-54.9375,157,157,157
"4540",-42.875,-54.8125,132,132,132
"4541",-42.875,-52.5625,158,158,158
"4542",-42.875,-52.4375,157,157,157
"4543",-42.625,-60.4375,112.636363636364,105,141
"4544",-42.625,-60.3125,122.125,100,162
"4545",-42.625,-60.1875,135.295718722873,98,177.77431233724
"4546",-42.625,-60.0625,124.846789042155,97,176.77431233724
"4547",-42.625,-59.9375,108.142857142857,95,136
"4548",-42.625,-59.8125,123.75,105,148
"4549",-42.625,-59.6875,153.5,134,163
"4550",-42.625,-59.5625,136.721065945095,107.9375,178
"4551",-42.625,-59.4375,144.515152439927,116,165
"4552",-42.625,-59.3125,142.009167480469,99,175.74306233724
"4553",-42.625,-59.1875,143.090909090909,99,180
"4554",-42.625,-59.0625,116.590278116862,87,180
"4555",-42.625,-58.9375,144.844362745098,105,173
"4556",-42.625,-58.8125,134.25496031746,73,177
"4557",-42.625,-58.6875,146.233587091619,74,178.069458007812
"4558",-42.625,-58.5625,138.353472900391,105,179.069458007812
"4559",-42.625,-58.4375,144.229340616862,108,175.58681233724
"4560",-42.625,-58.3125,146.588235294118,106,171
"4561",-42.625,-58.1875,141.444444444444,107,180
"4562",-42.625,-58.0625,146.166666666667,118,171
"4563",-42.625,-57.9375,152,119,173
"4564",-42.625,-57.8125,132.8,120,151
"4565",-42.625,-57.6875,152,125,179
"4566",-42.625,-57.5625,153.666666666667,126,180
"4567",-42.625,-57.4375,174,174,174
"4568",-42.625,-57.3125,146.585072835286,125,168.170145670573
"4569",-42.625,-57.1875,167.920145670573,161.170145670573,171.170145670573
"4570",-42.625,-57.0625,169.390048556858,168,172.170145670573
"4571",-42.625,-56.8125,136,136,136
"4572",-42.625,-56.5625,176,170,180
"4573",-42.625,-56.4375,155.99653116862,155.99653116862,155.99653116862
"4574",-42.625,-56.3125,160,160,160
"4575",-42.625,-55.9375,152,152,152
"4576",-42.625,-55.8125,147.333333333333,139,153
"4577",-42.625,-55.6875,149,149,149
"4578",-42.625,-55.5625,144,140,148
"4579",-42.625,-55.1875,157,155,159
"4580",-42.625,-55.0625,156,156,156
"4581",-42.625,-54.9375,159.5,158,161
"4582",-42.625,-52.5625,159.5,159,160
"4583",-42.375,-60.5625,160.666666666667,143,173
"4584",-42.375,-60.4375,142.8625,108,172
"4585",-42.375,-60.3125,153.617808024089,118.9375,178.77431233724
"4586",-42.375,-60.1875,147.7875,117.9375,169
"4587",-42.375,-60.0625,142.848214285714,116.9375,168
"4588",-42.375,-59.9375,147.570604112413,115.9375,175.77431233724
"4589",-42.375,-59.8125,138.942362467448,106,174.77431233724
"4590",-42.375,-59.6875,141.414354112413,104,179
"4591",-42.375,-59.5625,111.6015625,102,125
"4592",-42.375,-59.4375,136.258682250977,101,179
"4593",-42.375,-59.3125,163.618751356337,132,180
"4594",-42.375,-59.1875,137.025297619048,96,177
"4595",-42.375,-59.0625,125.400327196308,93,178
"4596",-42.375,-58.9375,149.353516896566,119,175.069458007812
"4597",-42.375,-58.8125,141.824496182528,112,176.069458007812
"4598",-42.375,-58.6875,135.210526315789,95,169
"4599",-42.375,-58.5625,151.269230769231,75,177
"4600",-42.375,-58.4375,134.846153846154,76,165
"4601",-42.375,-58.3125,132.506677872095,77,176.58681233724
"4602",-42.375,-58.1875,140.857142857143,124,161
"4603",-42.375,-58.0625,144.375,108,172
"4604",-42.375,-57.9375,148.285714285714,116,170
"4605",-42.375,-57.8125,146.555555555556,117,174
"4606",-42.375,-57.6875,143,114,175
"4607",-42.375,-57.5625,143,127,153
"4608",-42.375,-57.4375,166,156,176
"4609",-42.375,-57.0625,160.170145670573,160.170145670573,160.170145670573
"4610",-42.375,-56.9375,167,167,167
"4611",-42.375,-56.8125,166,166,166
"4612",-42.375,-56.6875,165,165,165
"4613",-42.375,-56.5625,157.249132792155,137,171
"4614",-42.375,-56.3125,176.006958007812,176.006958007812,176.006958007812
"4615",-42.375,-56.1875,138,138,138
"4616",-42.375,-56.0625,161,161,161
"4617",-42.375,-55.8125,154,154,154
"4618",-42.375,-55.6875,155,155,155
"4619",-42.375,-55.5625,146,146,146
"4620",-42.375,-55.4375,153,153,153
"4621",-42.375,-55.3125,148.333333333333,144,154
"4622",-42.375,-54.9375,150.666666666667,133,160
"4623",-42.375,-54.8125,162,162,162
"4624",-42.375,-54.6875,163,163,163
"4625",-42.375,-52.5625,161.333333333333,161,162
"4626",-42.125,-60.5625,141.539772727273,113,174
"4627",-42.125,-60.4375,154.125,139,169
"4628",-42.125,-60.3125,167.38715616862,155,179.77431233724
"4629",-42.125,-59.9375,153.333333333333,132,167
"4630",-42.125,-59.6875,162,157,165
"4631",-42.125,-59.5625,153,126,180
"4632",-42.125,-59.4375,157.384552001953,141.96528116862,170.58681233724
"4633",-42.125,-59.3125,138.041956583659,117,177.74306233724
"4634",-42.125,-59.1875,156.024555024647,115,180
"4635",-42.125,-59.0625,153.184030038339,116,179
"4636",-42.125,-58.9375,150.75,117,180
"4637",-42.125,-58.8125,150,136,175
"4638",-42.125,-58.6875,127.739130434783,97,172
"4639",-42.125,-58.5625,157.241411175644,119,179.58681233724
"4640",-42.125,-58.4375,150.774523417155,114,178.58681233724
"4641",-42.125,-58.3125,162.917362467448,154,177.58681233724
"4642",-42.125,-58.1875,126.3,78,173
"4643",-42.125,-58.0625,144.111111111111,125,174
"4644",-42.125,-57.9375,146.857142857143,109,175
"4645",-42.125,-57.8125,160,132,176
"4646",-42.125,-57.6875,150.111111111111,115,176
"4647",-42.125,-57.5625,150,150,150
"4648",-42.125,-57.4375,177,177,177
"4649",-42.125,-57.3125,152,126,165
"4650",-42.125,-57.1875,164,164,164
"4651",-42.125,-56.9375,159.170145670573,159.170145670573,159.170145670573
"4652",-42.125,-56.6875,169.723381890191,158.170145670573,179
"4653",-42.125,-56.5625,157.99653116862,157.99653116862,157.99653116862
"4654",-42.125,-56.3125,159,159,159
"4655",-42.125,-55.9375,162,162,162
"4656",-42.125,-55.8125,163,163,163
"4657",-42.125,-55.6875,151.25,145,157
"4658",-42.125,-55.5625,150.333333333333,141,158
"4659",-42.125,-55.3125,148,148,148
"4660",-42.125,-55.1875,160,160,160
"4661",-42.125,-54.9375,168,168,168
"4662",-42.125,-54.8125,166.5,164,169
"4663",-42.125,-52.4375,163,163,163
"4664",-42.125,-52.3125,164,164,164
"4665",-41.875,-60.6875,124.484375,114,145
"4666",-41.875,-60.5625,154.166666666667,119,175
"4667",-41.875,-59.9375,145.5,131,160
"4668",-41.875,-59.8125,151.666666666667,130,166
"4669",-41.875,-59.6875,158,158,158
"4670",-41.875,-59.5625,163,163,163
"4671",-41.875,-59.3125,145.462502034505,125,166.326395670573
"4672",-41.875,-59.1875,140.534990359575,118,178.74306233724
"4673",-41.875,-59.0625,156.907987467448,125,176
"4674",-41.875,-58.9375,138.230769230769,116,177
"4675",-41.875,-58.8125,131.266666666667,108,171
"4676",-41.875,-58.6875,149.302856445312,105,176.451395670573
"4677",-41.875,-58.5625,163.707951298466,138,179
"4678",-41.875,-58.4375,149.744003758286,115,180
"4679",-41.875,-58.3125,149.213816860266,120,179.451395670573
"4680",-41.875,-58.1875,140.466666666667,112,180
"4681",-41.875,-58.0625,150.333333333333,80,179
"4682",-41.875,-57.9375,161,126,180
"4683",-41.875,-57.8125,157.736842105263,110,177
"4684",-41.875,-57.6875,150.428571428571,120,175
"4685",-41.875,-57.5625,158.5,128,178
"4686",-41.875,-57.3125,149.333333333333,127,161
"4687",-41.875,-57.0625,163,163,163
"4688",-41.875,-56.9375,180,180,180
"4689",-41.875,-56.8125,162,162,162
"4690",-41.875,-56.6875,170.667829725477,159.99653116862,179.006958007812
"4691",-41.875,-56.5625,166.49826558431,158.99653116862,174
"4692",-41.875,-56.4375,178.006958007812,178.006958007812,178.006958007812
"4693",-41.875,-56.3125,168.503479003906,160,177.006958007812
"4694",-41.875,-55.6875,151.333333333333,144,164
"4695",-41.875,-55.5625,153.666666666667,142,165
"4696",-41.875,-55.4375,149.333333333333,149,150
"4697",-41.875,-55.3125,147.5,134,161
"4698",-41.875,-54.9375,166.5,166,167
"4699",-41.875,-54.8125,169.5,165,172
"4700",-41.875,-52.0625,165,165,165
"4701",-41.875,-51.9375,166,166,166
"4702",-41.625,-60.8125,120.96875,117,124.9375
"4703",-41.625,-60.6875,151.6171875,120,176
"4704",-41.625,-60.5625,151.5,142,161
"4705",-41.625,-59.6875,128.5,128,129
"4706",-41.625,-59.5625,127,127,127
"4707",-41.625,-59.4375,153.48264058431,142.96528116862,164
"4708",-41.625,-59.3125,147,129,165
"4709",-41.625,-59.1875,128,128,128
"4710",-41.625,-59.0625,140.98313613165,119,173.451395670573
"4711",-41.625,-58.9375,147.046659469604,122,179.74306233724
"4712",-41.625,-58.8125,156.867363484701,133,170.27431233724
"4713",-41.625,-58.6875,160.787329779731,134,178
"4714",-41.625,-58.5625,161.401240596065,136,180
"4715",-41.625,-58.4375,148.186057196723,116,176
"4716",-41.625,-58.3125,144.33564860026,123,179
"4717",-41.625,-58.1875,144.5,113,180
"4718",-41.625,-58.0625,144.5,118,179
"4719",-41.625,-57.9375,136,81,180
"4720",-41.625,-57.8125,149.181818181818,111,176
"4721",-41.625,-57.6875,169.6,164,179
"4722",-41.625,-57.5625,164.5,163,166
"4723",-41.625,-57.4375,162,162,162
"4724",-41.625,-57.3125,168.99653116862,168.99653116862,168.99653116862
"4725",-41.625,-57.1875,167.99653116862,167.99653116862,167.99653116862
"4726",-41.625,-57.0625,166.99653116862,166.99653116862,166.99653116862
"4727",-41.625,-56.9375,165.49653116862,164.99653116862,165.99653116862
"4728",-41.625,-56.8125,163.49653116862,162.99653116862,163.99653116862
"4729",-41.625,-56.6875,161.49653116862,160.99653116862,161.99653116862
"4730",-41.625,-56.5625,168,161,175
"4731",-41.625,-56.4375,176,176,176
"4732",-41.625,-55.8125,136,136,136
"4733",-41.625,-55.6875,137.666666666667,135,143
"4734",-41.625,-55.5625,163,161,166
"4735",-41.625,-55.4375,165,164,166
"4736",-41.625,-55.3125,165.666666666667,162,168
"4737",-41.625,-55.1875,169,169,169
"4738",-41.625,-55.0625,170,170,170
"4739",-41.625,-54.9375,178.166666666667,176,180
"4740",-41.625,-54.8125,174,173,175
"4741",-41.625,-51.6875,167,167,167
"4742",-41.625,-51.5625,168,168,168
"4743",-41.375,-60.9375,127.802884615385,116,136.9375
"4744",-41.375,-60.8125,137.3875,115,149
"4745",-41.375,-60.6875,158,121,177
"4746",-41.375,-59.8125,179.5,179,180
"4747",-41.375,-59.4375,143.96528116862,143.96528116862,143.96528116862
"4748",-41.375,-59.3125,138,130,146
"4749",-41.375,-59.1875,156.5,147,166
"4750",-41.375,-59.0625,133.428571428571,129,148
"4751",-41.375,-58.9375,140.5,132,149
"4752",-41.375,-58.8125,158.6,146,170
"4753",-41.375,-58.6875,143.2,134,152
"4754",-41.375,-58.5625,118,88,158
"4755",-41.375,-58.4375,145.75146484375,86,180
"4756",-41.375,-58.3125,135.396219889323,85,174.80556233724
"4757",-41.375,-58.1875,141.751620822483,123,176.27431233724
"4758",-41.375,-58.0625,144.083333333333,127,175
"4759",-41.375,-57.9375,127,82,179
"4760",-41.375,-57.8125,160,132,178
"4761",-41.375,-57.6875,161.998270670573,152,171.996541341146
"4762",-41.375,-57.5625,170.996541341146,170.996541341146,170.996541341146
"4763",-41.375,-57.4375,169.99653116862,169.99653116862,169.99653116862
"4764",-41.375,-57.3125,128,128,128
"4765",-41.375,-56.3125,177,177,177
"4766",-41.375,-56.1875,178.5,178,179
"4767",-41.375,-55.8125,137,137,137
"4768",-41.375,-55.5625,168,167,169
"4769",-41.375,-55.3125,163,163,163
"4770",-41.375,-55.0625,171.5,171,172
"4771",-41.375,-52.9375,160,160,160
"4772",-41.375,-52.8125,161,161,161
"4773",-41.375,-52.6875,162,162,162
"4774",-41.375,-52.4375,163,163,163
"4775",-41.375,-52.1875,164,164,164
"4776",-41.375,-52.0625,165,165,165
"4777",-41.375,-51.3125,169,169,169
"4778",-41.375,-51.1875,170,170,170
"4779",-41.125,-61.0625,121,121,121
"4780",-41.125,-60.9375,137.4609375,117,152
"4781",-41.125,-60.8125,150,150,150
"4782",-41.125,-60.6875,161.75,144,178
"4783",-41.125,-59.6875,177.666666666667,177,178
"4784",-41.125,-59.4375,145.46528116862,144.96528116862,145.96528116862
"4785",-41.125,-59.0625,150.5,134,167
"4786",-41.125,-58.9375,133.8,130,137
"4787",-41.125,-58.8125,144.5,132,171
"4788",-41.125,-58.6875,154.666666666667,133,164
"4789",-41.125,-58.5625,143.5625,92,179
"4790",-41.125,-58.4375,139.590280038339,95,177.986124674479
"4791",-41.125,-58.3125,142.955210367839,84,178.986124674479
"4792",-41.125,-58.1875,141.75,124,163
"4793",-41.125,-58.0625,142.141590259693,83,177.27431233724
"4794",-41.125,-57.9375,176,172,180
"4795",-41.125,-57.8125,128,128,128
"4796",-41.125,-57.6875,173.663208007812,172.996541341146,173.996541341146
"4797",-41.125,-57.5625,167,167,167
"4798",-41.125,-57.4375,129,129,129
"4799",-41.125,-56.1875,180,180,180
"4800",-41.125,-55.8125,138,138,138
"4801",-41.125,-55.4375,171,170,172
"4802",-41.125,-55.3125,173,173,173
"4803",-41.125,-55.0625,173,173,173
"4804",-41.125,-53.1875,158,158,158
"4805",-41.125,-53.0625,159,159,159
"4806",-41.125,-51.8125,166,166,166
"4807",-41.125,-51.0625,171,171,171
"4808",-41.125,-50.8125,172,172,172
"4809",-40.875,-61.0625,119.666666666667,118,122
"4810",-40.875,-60.9375,144.35,140.9375,153
"4811",-40.875,-60.8125,143.9375,143.9375,143.9375
"4812",-40.875,-60.6875,159.571428571429,122,179
"4813",-40.875,-59.5625,175.5,175,176
"4814",-40.875,-59.4375,173.5,173,174
"4815",-40.875,-59.3125,159.48264058431,146.96528116862,172
"4816",-40.875,-59.1875,158.98264058431,147.96528116862,170
"4817",-40.875,-59.0625,158.73264058431,148.96528116862,169
"4818",-40.875,-58.9375,149.96528116862,149.96528116862,149.96528116862
"4819",-40.875,-58.8125,144.655093722873,141,150.96528116862
"4820",-40.875,-58.6875,151.96528116862,151.96528116862,151.96528116862
"4821",-40.875,-58.5625,166.241320292155,152.96528116862,180
"4822",-40.875,-58.4375,138.5,97,169
"4823",-40.875,-58.3125,144.697918231671,99,179.986124674479
"4824",-40.875,-58.1875,151.972223191034,136,176.80556233724
"4825",-40.875,-58.0625,137.666666666667,132,143
"4826",-40.875,-57.9375,156.896330333891,129,178.27431233724
"4827",-40.875,-57.8125,133,133,133
"4828",-40.875,-57.6875,148.498270670573,112,175.996541341146
"4829",-40.875,-57.5625,130,130,130
"4830",-40.875,-55.8125,139,139,139
"4831",-40.875,-55.3125,169,164,174
"4832",-40.875,-55.0625,174,174,174
"4833",-40.875,-53.1875,157,157,157
"4834",-40.875,-51.6875,167,167,167
"4835",-40.875,-51.4375,168,168,168
"4836",-40.875,-50.6875,173,173,173
"4837",-40.875,-50.5625,174,174,174
"4838",-40.625,-61.0625,123.5,123,124
"4839",-40.625,-60.9375,154,154,154
"4840",-40.625,-60.8125,149.96875,144.9375,155
"4841",-40.625,-60.6875,161.25,123,180
"4842",-40.625,-60.5625,165.5,165,166
"4843",-40.625,-59.1875,171,171,171
"4844",-40.625,-58.6875,143.5,143,144
"4845",-40.625,-58.5625,149.333333333333,146,154
"4846",-40.625,-58.4375,158.193056233724,151,173
"4847",-40.625,-58.3125,141.6,121,170
"4848",-40.625,-58.1875,149.408681233724,101,179.326395670573
"4849",-40.625,-58.0625,137.571428571429,125,151
"4850",-40.625,-57.9375,161.654862467448,133,179.27431233724
"4851",-40.625,-57.8125,176.996541341146,176.996541341146,176.996541341146
"4852",-40.625,-57.6875,122.5,113,132
"4853",-40.625,-57.4375,168,168,168
"4854",-40.625,-55.6875,140,140,140
"4855",-40.625,-55.3125,165,165,165
"4856",-40.625,-55.1875,175,175,175
"4857",-40.625,-55.0625,175,175,175
"4858",-40.625,-53.3125,155.5,155,156
"4859",-40.625,-51.3125,169,169,169
"4860",-40.625,-51.1875,170,170,170
"4861",-40.625,-50.4375,175,175,175
"4862",-40.625,-50.1875,176,176,176
"4863",-40.625,-50.0625,177,177,177
"4864",-40.375,-61.0625,124.5,120,127
"4865",-40.375,-60.9375,121,121,121
"4866",-40.375,-60.8125,162.4,122,178
"4867",-40.375,-60.6875,158.65625,124,176
"4868",-40.375,-60.5625,165,147,171
"4869",-40.375,-60.4375,167.5,167,168
"4870",-40.375,-58.5625,145,145,145
"4871",-40.375,-58.4375,149.75,146,154
"4872",-40.375,-58.3125,155.523504795172,132,177.80556233724
"4873",-40.375,-58.1875,148.614583333333,128,174
"4874",-40.375,-58.0625,139.4,115,163
"4875",-40.375,-57.9375,177,175,179
"4876",-40.375,-57.8125,141.998847113715,114,177.996541341146
"4877",-40.375,-57.6875,133,133,133
"4878",-40.375,-57.4375,169,169,169
"4879",-40.375,-55.1875,176,176,176
"4880",-40.375,-55.0625,171,166,176
"4881",-40.375,-53.4375,154,154,154
"4882",-40.375,-51.0625,171.5,171,172
"4883",-40.125,-60.9375,129,128,130
"4884",-40.125,-60.8125,162.25,123,179
"4885",-40.125,-60.6875,172.1171875,146.9375,178
"4886",-40.125,-60.5625,169.5,125,180
"4887",-40.125,-60.4375,169,169,169
"4888",-40.125,-58.8125,159.96528116862,159.96528116862,159.96528116862
"4889",-40.125,-58.5625,161.5,148,175
"4890",-40.125,-58.4375,167.111111111111,147,174
"4891",-40.125,-58.3125,155.895090012323,133,178.80556233724
"4892",-40.125,-58.1875,144.3,116,163
"4893",-40.125,-58.0625,143.125,102,166
"4894",-40.125,-57.9375,153,126,180
"4895",-40.125,-57.8125,156.998270670573,135,178.996541341146
"4896",-40.125,-57.5625,134,134,134
"4897",-40.125,-57.4375,170,170,170
"4898",-40.125,-55.4375,141,141,141
"4899",-40.125,-55.1875,177,177,177
"4900",-40.125,-53.6875,152,152,152
"4901",-40.125,-53.5625,153,153,153
"4902",-40.125,-50.9375,173.5,173,174
"4903",-40.125,-50.8125,175.5,175,176
"4904",-39.875,-61.4375,178.5,177,180
"4905",-39.875,-60.9375,138.5,135,142
"4906",-39.875,-60.8125,132.5,124,143
"4907",-39.875,-60.6875,168.979166666667,147.9375,180
"4908",-39.875,-60.5625,162.4,126,180
"4909",-39.875,-60.4375,170.5,170,171
"4910",-39.875,-58.9375,161.46528116862,160.96528116862,161.96528116862
"4911",-39.875,-58.8125,158.96528116862,158.96528116862,158.96528116862
"4912",-39.875,-58.6875,150.5,150,151
"4913",-39.875,-58.5625,170,149,178
"4914",-39.875,-58.4375,157.960813976469,134,175
"4915",-39.875,-58.3125,157,146,167
"4916",-39.875,-58.1875,157.2,117,180
"4917",-39.875,-58.0625,149.6,103,175
"4918",-39.875,-57.9375,153.6,123,177
"4919",-39.875,-57.8125,150.665513780382,136,179.996541341146
"4920",-39.875,-57.6875,141.25,131,160
"4921",-39.875,-57.5625,135.5,135,136
"4922",-39.875,-57.4375,171.5,171,172
"4923",-39.875,-56.6875,166,166,166
"4924",-39.875,-56.5625,172,167,177
"4925",-39.875,-56.4375,173,168,178
"4926",-39.875,-56.3125,169,169,169
"4927",-39.875,-56.1875,174.5,170,179
"4928",-39.875,-56.0625,177,171,180
"4929",-39.875,-55.4375,180,180,180
"4930",-39.875,-55.1875,178,177,179
"4931",-39.875,-55.0625,167,167,167
"4932",-39.875,-54.5625,144,144,144
"4933",-39.875,-54.4375,145,145,145
"4934",-39.875,-54.1875,147,147,147
"4935",-39.875,-54.0625,148,148,148
"4936",-39.875,-53.9375,149.5,149,150
"4937",-39.875,-53.8125,151,151,151
"4938",-39.875,-50.6875,178,177,179
"4939",-39.875,-50.5625,180,180,180
"4940",-39.625,-61.5625,174.5,174,175
"4941",-39.625,-61.4375,176,176,176
"4942",-39.625,-60.8125,142.833333333333,127,148
"4943",-39.625,-60.6875,148.9375,148.9375,148.9375
"4944",-39.625,-60.5625,139,127,151
"4945",-39.625,-60.4375,172.5,172,173
"4946",-39.625,-58.9375,162.96528116862,162.96528116862,162.96528116862
"4947",-39.625,-58.6875,154.98264058431,152,157.96528116862
"4948",-39.625,-58.5625,165.991320292155,148,180
"4949",-39.625,-58.4375,173.521993001302,164.760416666667,179.80556233724
"4950",-39.625,-58.3125,153.5,135,177
"4951",-39.625,-58.1875,165.666666666667,150,174
"4952",-39.625,-58.0625,159,145,168
"4953",-39.625,-57.9375,154.5,124,178
"4954",-39.625,-57.8125,160.8,150,165
"4955",-39.625,-57.6875,147,138,164
"4956",-39.625,-57.5625,140.25,132,154
"4957",-39.625,-57.4375,161.75,156,173
"4958",-39.625,-57.3125,174,174,174
"4959",-39.625,-56.9375,164,164,164
"4960",-39.625,-56.8125,170,165,175
"4961",-39.625,-56.6875,176,176,176
"4962",-39.625,-56.4375,171,171,171
"4963",-39.625,-56.3125,172,172,172
"4964",-39.625,-55.9375,172,172,172
"4965",-39.625,-55.6875,173,173,173
"4966",-39.625,-55.3125,179,179,179
"4967",-39.625,-55.1875,166.666666666667,142,180
"4968",-39.625,-55.0625,168,168,168
"4969",-39.625,-54.8125,143,143,143
"4970",-39.625,-54.3125,146,146,146
"4971",-39.375,-61.5625,171.6,170,173
"4972",-39.375,-61.4375,169,169,169
"4973",-39.375,-61.3125,167.5,167,168
"4974",-39.375,-61.1875,165.5,165,166
"4975",-39.375,-61.0625,151,141,164
"4976",-39.375,-60.9375,150,144,156
"4977",-39.375,-60.8125,143.166666666667,128,152
"4978",-39.375,-60.6875,149.9375,149.9375,149.9375
"4979",-39.375,-60.5625,144.666666666667,129,153
"4980",-39.375,-60.4375,174,174,174
"4981",-39.375,-59.0625,163.96528116862,163.96528116862,163.96528116862
"4982",-39.375,-58.8125,145,140,150
"4983",-39.375,-58.6875,147.6,139,153
"4984",-39.375,-58.5625,159.880208333333,154,165.760416666667
"4985",-39.375,-58.4375,146.5,146,147
"4986",-39.375,-58.3125,152,137,178
"4987",-39.375,-58.1875,145.222222222222,106,179
"4988",-39.375,-58.0625,136.125,104,169
"4989",-39.375,-57.9375,150,125,180
"4990",-39.375,-57.8125,165.6,155,171
"4991",-39.375,-57.6875,162.6,140,172
"4992",-39.375,-57.5625,147.857142857143,122,173
"4993",-39.375,-57.4375,150.25,123,165
"4994",-39.375,-57.3125,164.666666666667,159,175
"4995",-39.375,-57.1875,155.75,124,176
"4996",-39.375,-57.0625,171,163,177
"4997",-39.375,-56.9375,173.666666666667,169,178
"4998",-39.375,-56.8125,179,179,179
"4999",-39.375,-56.6875,175,170,180
"5000",-39.375,-56.5625,172,172,172
"5001",-39.375,-56.3125,173,173,173
"5002",-39.375,-56.0625,173,173,173
"5003",-39.375,-55.5625,174,174,174
"5004",-39.375,-55.1875,169,169,169
"5005",-39.125,-61.6875,175.5,175,176
"5006",-39.125,-61.5625,172.6,171,174
"5007",-39.125,-61.4375,171.625,170,172.9375
"5008",-39.125,-61.3125,169.96875,169,170.9375
"5009",-39.125,-61.1875,167,166,168
"5010",-39.125,-61.0625,163.333333333333,161,165
"5011",-39.125,-60.9375,144.818181818182,134,160
"5012",-39.125,-60.8125,142.5,130,155
"5013",-39.125,-60.6875,150.9375,150.9375,150.9375
"5014",-39.125,-60.5625,142,130,154
"5015",-39.125,-60.4375,175.5,175,176
"5016",-39.125,-58.8125,148,141,152
"5017",-39.125,-58.5625,150.586805555556,138,166.760416666667
"5018",-39.125,-58.4375,155,155,155
"5019",-39.125,-58.1875,111,109,113
"5020",-39.125,-58.0625,164.5,137,180
"5021",-39.125,-57.9375,140.5,119,159
"5022",-39.125,-57.8125,143.25,120,156
"5023",-39.125,-57.6875,139,121,153
"5024",-39.125,-57.5625,154.8,139,170
"5025",-39.125,-57.4375,154.571428571429,133,175
"5026",-39.125,-57.3125,165.6,162,172
"5027",-39.125,-57.1875,165,164,166
"5028",-39.125,-57.0625,153.333333333333,125,168
"5029",-39.125,-56.9375,150.666666666667,132,170
"5030",-39.125,-56.8125,171,171,171
"5031",-39.125,-56.6875,151,151,151
"5032",-39.125,-56.5625,171,171,171
"5033",-39.125,-56.4375,172,172,172
"5034",-39.125,-56.3125,173,173,173
"5035",-39.125,-56.1875,155,136,174
"5036",-39.125,-56.0625,174,174,174
"5037",-39.125,-55.4375,175,175,175
"5038",-39.125,-55.3125,170,170,170
"5039",-38.875,-61.6875,177.5,177,178
"5040",-38.875,-61.5625,176.9375,175.9375,177.9375
"5041",-38.875,-61.4375,174.270833333333,173.9375,174.9375
"5042",-38.875,-61.3125,167.9375,165.9375,169.9375
"5043",-38.875,-61.0625,162.5,162,163
"5044",-38.875,-60.9375,158.5,156,161
"5045",-38.875,-60.8125,133,133,133
"5046",-38.875,-60.6875,152.4375,151.9375,152.9375
"5047",-38.875,-60.5625,150.4,131,178
"5048",-38.875,-60.4375,177,177,177
"5049",-38.875,-59.0625,164.96528116862,164.96528116862,164.96528116862
"5050",-38.875,-58.8125,147.5,142,153
"5051",-38.875,-58.6875,160.130208333333,150,168.760416666667
"5052",-38.875,-58.5625,148,148,148
"5053",-38.875,-58.4375,156,156,156
"5054",-38.875,-58.3125,157,157,157
"5055",-38.875,-58.1875,122.833333333333,114,158
"5056",-38.875,-58.0625,152.333333333333,148,158
"5057",-38.875,-57.9375,127,127,127
"5058",-38.875,-57.8125,154,138,164
"5059",-38.875,-57.6875,154.833333333333,139,179
"5060",-38.875,-57.5625,159.833333333333,129,180
"5061",-38.875,-57.4375,152.4,134,168
"5062",-38.875,-57.3125,149,130,167
"5063",-38.875,-57.1875,138,131,143
"5064",-38.875,-57.0625,160.833333333333,144,174
"5065",-38.875,-56.9375,155.75,141,166
"5066",-38.875,-56.8125,160,152,175
"5067",-38.875,-56.6875,163,133,176
"5068",-38.875,-56.5625,161.4,134,180
"5069",-38.875,-56.4375,164.666666666667,152,175
"5070",-38.875,-56.3125,135,135,135
"5071",-38.875,-56.1875,155,137,175
"5072",-38.875,-56.0625,153.5,138,169
"5073",-38.875,-55.9375,170,170,170
"5074",-38.875,-55.8125,171.5,171,172
"5075",-38.875,-55.6875,173,173,173
"5076",-38.875,-55.5625,174.5,174,175
"5077",-38.625,-61.6875,179,179,179
"5078",-38.625,-61.5625,179.4375,178.9375,179.9375
"5079",-38.625,-61.3125,164.4375,163.9375,164.9375
"5080",-38.625,-61.1875,162.4375,161.9375,162.9375
"5081",-38.625,-60.8125,154.4375,153.9375,154.9375
"5082",-38.625,-60.6875,133.5,133,134
"5083",-38.625,-60.5625,157.5,157,158
"5084",-38.625,-60.4375,179,179,179
"5085",-38.625,-58.8125,143,143,143
"5086",-38.625,-58.6875,162.380208333333,155,169.760416666667
"5087",-38.625,-58.5625,152,149,156
"5088",-38.625,-58.4375,142,142,142
"5089",-38.625,-58.1875,129,118,159
"5090",-38.625,-58.0625,161.6,150,177
"5091",-38.625,-57.9375,128.5,128,129
"5092",-38.625,-57.8125,153.5,142,165
"5093",-38.625,-57.6875,148.8,136,170
"5094",-38.625,-57.5625,156.285714285714,140,169
"5095",-38.625,-57.4375,162.940104166667,146,178.760416666667
"5096",-38.625,-57.3125,157.625,145,172
"5097",-38.625,-57.1875,160.152083333333,148,179.760416666667
"5098",-38.625,-57.0625,159.333333333333,148,171
"5099",-38.625,-56.9375,153.5,126,172
"5100",-38.625,-56.8125,164.333333333333,150,180
"5101",-38.625,-56.6875,158.545454545455,142,179
"5102",-38.625,-56.5625,173.2,154,179
"5103",-38.625,-56.3125,162.666666666667,142,177
"5104",-38.625,-56.1875,159.5,140,179
"5105",-38.625,-56.0625,177.5,175,180
"5106",-38.625,-55.6875,178,178,178
"5107",-38.625,-55.5625,177,177,177
"5108",-38.625,-55.4375,176,176,176
"5109",-38.625,-55.3125,171,171,171
"5110",-38.375,-61.6875,180,180,180
"5111",-38.375,-61.1875,160.4375,159.9375,160.9375
"5112",-38.375,-61.0625,151.96875,145,158.9375
"5113",-38.375,-60.9375,144.822916666667,141,156.9375
"5114",-38.375,-60.8125,141.1875,136,155.9375
"5115",-38.375,-60.6875,135,135,135
"5116",-38.375,-60.5625,159.5,159,160
"5117",-38.375,-60.4375,180,180,180
"5118",-38.375,-59.0625,165.96528116862,165.96528116862,165.96528116862
"5119",-38.375,-58.6875,144,144,144
"5120",-38.375,-58.5625,147.666666666667,145,152
"5121",-38.375,-58.4375,157,157,157
"5122",-38.375,-58.3125,148.5,147,150
"5123",-38.375,-58.1875,143,143,143
"5124",-38.375,-58.0625,137.666666666667,121,156
"5125",-38.375,-57.9375,150,130,178
"5126",-38.375,-57.8125,158,158,158
"5127",-38.375,-57.6875,162.220052083333,137,180
"5128",-38.375,-57.3125,161.125,148,171
"5129",-38.375,-57.1875,152.7,145,170
"5130",-38.375,-57.0625,164.2,146,180
"5131",-38.375,-56.8125,154,154,154
"5132",-38.375,-56.6875,164,153,179
"5133",-38.375,-56.5625,156,144,180
"5134",-38.375,-56.4375,155.166666666667,143,177
"5135",-38.375,-56.3125,176,176,176
"5136",-38.375,-56.1875,176,176,176
"5137",-38.375,-56.0625,178,176,180
"5138",-38.375,-55.8125,179,179,179
"5139",-38.375,-55.5625,176,176,176
"5140",-38.375,-55.1875,172,172,172
"5141",-38.125,-61.3125,151.5,150,153
"5142",-38.125,-61.1875,148,147,149
"5143",-38.125,-60.8125,171.666666666667,140,180
"5144",-38.125,-60.6875,174.5,174,175
"5145",-38.125,-60.4375,162,161,163
"5146",-38.125,-58.9375,166.96528116862,166.96528116862,166.96528116862
"5147",-38.125,-58.6875,161.880208333333,153,170.760416666667
"5148",-38.125,-58.1875,158,158,158
"5149",-38.125,-58.0625,146.111111111111,124,167
"5150",-38.125,-57.9375,149.857142857143,132,162
"5151",-38.125,-57.8125,168.940104166667,159,179
"5152",-38.125,-57.6875,158.666666666667,138,172
"5153",-38.125,-57.5625,157,144,167
"5154",-38.125,-57.4375,157.75,145,168
"5155",-38.125,-57.3125,150.75,141,162
"5156",-38.125,-57.1875,158.166666666667,143,178
"5157",-38.125,-57.0625,161.5,144,179
"5158",-38.125,-56.9375,148.666666666667,127,160
"5159",-38.125,-56.8125,160.8,155,168
"5160",-38.125,-56.6875,162,162,162
"5161",-38.125,-56.5625,158,145,178
"5162",-38.125,-56.4375,157,157,157
"5163",-38.125,-56.3125,169.333333333333,154,177
"5164",-38.125,-55.6875,179,179,179
"5165",-38.125,-55.5625,177.5,177,178
"5166",-37.875,-61.4375,156.5,156,157
"5167",-37.875,-61.3125,154.5,154,155
"5168",-37.875,-60.6875,172.5,172,173
"5169",-37.875,-60.5625,170,169,171
"5170",-37.875,-60.4375,165.666666666667,164,168
"5171",-37.875,-58.9375,167.96528116862,167.96528116862,167.96528116862
"5172",-37.875,-58.8125,168.96528116862,168.96528116862,168.96528116862
"5173",-37.875,-58.6875,154,154,154
"5174",-37.875,-58.4375,169.152083333333,167,171.760416666667
"5175",-37.875,-58.3125,173,171,175
"5176",-37.875,-58.1875,175.940104166667,172.760416666667,178
"5177",-37.875,-58.0625,144.586805555556,126,173.760416666667
"5178",-37.875,-57.9375,154.084490740741,127,174.760416666667
"5179",-37.875,-57.8125,167.880208333333,160,175.760416666667
"5180",-37.875,-57.6875,152.2,145,158
"5181",-37.875,-57.5625,157,139,173
"5182",-37.875,-57.4375,157,140,174
"5183",-37.875,-57.3125,161.5,146,176
"5184",-37.875,-57.0625,159.8,141,173
"5185",-37.875,-56.9375,158.428571428571,128,170
"5186",-37.875,-56.8125,166.5,166,167
"5187",-37.875,-56.6875,147,129,165
"5188",-37.875,-56.5625,159.2,146,179
"5189",-37.875,-56.1875,155.5,155,156
"5190",-37.875,-55.6875,180,180,180
"5191",-37.875,-55.1875,173,173,173
"5192",-37.875,-54.9375,179.5,179,180
"5193",-37.625,-61.4375,160,158,162
"5194",-37.625,-58.8125,159.988427056207,155,169.96528116862
"5195",-37.625,-58.6875,170.965291341146,170.965291341146,170.965291341146
"5196",-37.625,-58.5625,161,159,163
"5197",-37.625,-58.4375,153.307692307692,141,166
"5198",-37.625,-58.3125,138.5,137,140
"5199",-37.625,-58.1875,153.2,135,180
"5200",-37.625,-57.9375,144,129,169
"5201",-37.625,-57.8125,164.5,164,165
"5202",-37.625,-57.5625,160.5,160,161
"5203",-37.625,-57.4375,152.333333333333,146,160
"5204",-37.625,-57.3125,157,148,162
"5205",-37.625,-57.1875,150,137,175
"5206",-37.625,-57.0625,148.25,139,174
"5207",-37.625,-56.9375,161,160,162
"5208",-37.625,-56.6875,160.8,148,180
"5209",-37.625,-56.5625,138.5,130,147
"5210",-37.625,-56.1875,157,157,157
"5211",-37.625,-55.0625,174,174,174
"5212",-37.625,-54.9375,177.5,177,178
"5213",-37.375,-61.4375,164,163,165
"5214",-37.375,-58.8125,156,156,156
"5215",-37.375,-58.6875,167.310194227431,157,172.965291341146
"5216",-37.375,-58.5625,156.370661417643,150,173.965291341146
"5217",-37.375,-58.4375,154.571428571429,147,162
"5218",-37.375,-58.3125,160.5,138,167
"5219",-37.375,-58.1875,136.5,136,137
"5220",-37.375,-58.0625,145,135,155
"5221",-37.375,-57.9375,140.5,132,163
"5222",-37.375,-57.8125,170,170,170
"5223",-37.375,-57.6875,168,166,171
"5224",-37.375,-57.4375,161.6,149,173
"5225",-37.375,-57.3125,163.666666666667,152,176
"5226",-37.375,-57.1875,145.8,135,158
"5227",-37.375,-57.0625,158,155,164
"5228",-37.375,-56.9375,159.75,153,169
"5229",-37.375,-56.8125,151.5,151,152
"5230",-37.375,-56.6875,156,150,162
"5231",-37.375,-56.5625,148,148,148
"5232",-37.375,-56.3125,158,158,158
"5233",-37.375,-55.0625,175,175,175
"5234",-37.375,-54.9375,176,176,176
"5235",-37.125,-61.5625,168,167,169
"5236",-37.125,-61.4375,166,166,166
"5237",-37.125,-58.6875,174.965291341146,174.965291341146,174.965291341146
"5238",-37.125,-58.5625,178.131958007812,175.965291341146,179.965291341146
"5239",-37.125,-58.4375,170.5,168,173
"5240",-37.125,-58.3125,139.5,139,140
"5241",-37.125,-58.1875,156,156,156
"5242",-37.125,-57.9375,158,152,164
"5243",-37.125,-57.8125,167,167,167
"5244",-37.125,-57.6875,169,168,170
"5245",-37.125,-57.5625,169,169,169
"5246",-37.125,-57.4375,168.666666666667,159,177
"5247",-37.125,-57.3125,163.5,154,174
"5248",-37.125,-57.1875,157,148,166
"5249",-37.125,-57.0625,159.6,154,170
"5250",-37.125,-56.5625,161,161,161
"5251",-37.125,-56.4375,145.5,131,160
"5252",-37.125,-56.3125,159,159,159
"5253",-36.875,-61.8125,175.5,175,176
"5254",-36.875,-61.6875,172.4,171,174
"5255",-36.875,-61.5625,170,170,170
"5256",-36.875,-59.0625,180,180,180
"5257",-36.875,-58.9375,179,179,179
"5258",-36.875,-58.8125,178,178,178
"5259",-36.875,-58.6875,176.5,176,177
"5260",-36.875,-58.5625,174.5,174,175
"5261",-36.875,-58.3125,141.5,141,142
"5262",-36.875,-58.1875,157,157,157
"5263",-36.875,-57.9375,165,165,165
"5264",-36.875,-57.8125,153,153,153
"5265",-36.875,-57.6875,164.8,150,172
"5266",-36.875,-57.5625,178,178,178
"5267",-36.875,-57.4375,159.666666666667,150,165
"5268",-36.875,-57.3125,167.166666666667,155,175
"5269",-36.875,-57.1875,141.5,134,149
"5270",-36.875,-57.0625,156,156,156
"5271",-36.875,-56.6875,149,149,149
"5272",-36.625,-61.9375,179.5,179,180
"5273",-36.625,-61.8125,177.5,177,178
"5274",-36.625,-58.3125,143,143,143
"5275",-36.625,-58.0625,158,158,158
"5276",-36.625,-57.8125,157,151,166
"5277",-36.625,-57.6875,176,173,179
"5278",-36.625,-57.5625,163.4,151,174
"5279",-36.625,-57.4375,162.333333333333,156,173
"5280",-36.625,-57.3125,157,157,157
"5281",-36.625,-57.1875,171,171,171
"5282",-36.625,-57.0625,133,133,133
"5283",-36.625,-56.6875,132,132,132
"5284",-36.375,-58.1875,144.5,144,145
"5285",-36.375,-58.0625,178.5,178,179
"5286",-36.375,-57.9375,176.5,176,177
"5287",-36.375,-57.8125,162.166666666667,152,174
"5288",-36.375,-57.6875,162.8,152,175
"5289",-36.375,-57.4375,168,168,168
"5290",-36.375,-56.8125,150,150,150
"5291",-36.125,-58.0625,157.666666666667,146,180
"5292",-36.125,-57.9375,160,160,160
"5293",-36.125,-57.8125,169.6,153,180
"5294",-36.125,-57.5625,163,157,169
"5295",-36.125,-57.4375,176,176,176
"5296",-36.125,-56.9375,151,151,151
"5297",-35.875,-58.0625,149.2,148,151
"5298",-35.875,-57.9375,168.5,161,176
"5299",-35.875,-57.8125,167.666666666667,154,180
"5300",-35.875,-57.6875,154,154,154
"5301",-35.875,-57.5625,165,160,170
"5302",-35.875,-57.4375,172,172,172
"5303",-35.875,-57.1875,152,152,152
"5304",-35.625,-58.0625,152.5,152,153
"5305",-35.625,-57.9375,171.5,162,177
"5306",-35.625,-57.8125,157.333333333333,155,159
"5307",-35.625,-57.6875,163,163,163
"5308",-35.625,-57.5625,177,177,177
"5309",-35.625,-57.4375,153,153,153
"5310",-35.375,-58.1875,156,155,157
"5311",-35.375,-58.0625,154,154,154
"5312",-35.375,-57.9375,174.5,171,178
"5313",-35.375,-57.6875,166.5,158,178
"5314",-35.375,-57.5625,155,155,155
"5315",-35.125,-58.1875,158.5,158,159
"5316",-35.125,-57.9375,167.5,163,172
"5317",-35.125,-57.8125,156,156,156
"5318",-35.125,-57.6875,162,162,162
"5319",-35.125,-57.5625,166.333333333333,154,173
"5320",-35.125,-57.4375,161,161,161
"5321",-34.875,-58.1875,161,160,162
"5322",-34.875,-57.9375,167.333333333333,164,173
"5323",-34.875,-57.8125,168,157,179
"5324",-34.875,-57.6875,169.166666666667,163,180
"5325",-34.875,-57.5625,168.5,164,173
"5326",-34.875,-57.4375,156,156,156
"5327",-34.625,-58.1875,163.5,163,164
"5328",-34.625,-57.9375,172.5,171,174
"5329",-34.625,-57.8125,169.4,166,174
"5330",-34.625,-57.6875,164.666666666667,155,180
"5331",-34.625,-57.5625,159,159,159
"5332",-34.375,-58.1875,165,165,165
"5333",-34.375,-58.0625,173,166,177
"5334",-34.375,-57.9375,175,175,175
"5335",-34.375,-57.8125,160,160,160
"5336",-34.375,-57.6875,171,167,175
"5337",-34.375,-57.4375,165.333333333333,157,174
"5338",-34.375,-57.3125,174,174,174
"5339",-34.125,-58.0625,176,167,180
"5340",-34.125,-57.9375,163.6,161,168
"5341",-34.125,-57.6875,163.666666666667,156,176
"5342",-34.125,-57.5625,160,158,163
"5343",-34.125,-57.3125,167.5,160,175
"5344",-34.125,-57.0625,175,175,175
"5345",-33.875,-57.9375,166.5,165,169
"5346",-33.875,-57.8125,170,170,170
"5347",-33.875,-57.6875,157,157,157
"5348",-33.875,-57.5625,172.5,168,177
"5349",-33.875,-57.4375,162,160,164
"5350",-33.875,-57.3125,171,166,176
"5351",-33.875,-56.8125,176,176,176
"5352",-33.875,-56.6875,177,177,177
"5353",-33.625,-57.9375,167,167,167
"5354",-33.625,-57.8125,168,168,168
"5355",-33.625,-57.6875,171,171,171
"5356",-33.625,-57.5625,158,158,158
"5357",-33.625,-57.4375,169,169,169
"5358",-33.625,-57.3125,163,161,165
"5359",-33.625,-57.1875,169,161,177
"5360",-33.625,-56.6875,178,178,178
"5361",-33.375,-57.8125,169,169,169
"5362",-33.375,-57.6875,171.6,170,173
"5363",-33.375,-57.5625,159.5,159,160
"5364",-33.375,-57.4375,178,178,178
"5365",-33.375,-57.3125,166.5,166,167
"5366",-33.375,-57.1875,170,162,178
"5367",-33.375,-56.9375,162,162,162
"5368",-33.375,-56.6875,179,179,179
"5369",-33.375,-55.1875,180,180,180
"5370",-33.125,-57.5625,170.125,161,177
"5371",-33.125,-57.4375,179,179,179
"5372",-33.125,-57.3125,168.25,167,170
"5373",-33.125,-57.0625,179,179,179
"5374",-33.125,-56.9375,163,163,163
"5375",-33.125,-56.6875,180,180,180
"5376",-33.125,-55.4375,178,178,178
"5377",-33.125,-55.3125,179,179,179
"5378",-32.875,-57.5625,165,164,166
"5379",-32.875,-57.4375,178.5,178,179
"5380",-32.875,-57.3125,172.333333333333,168,180
"5381",-32.875,-57.1875,171,171,171
"5382",-32.875,-57.0625,163.5,163,164
"5383",-32.875,-55.5625,177,177,177
"5384",-32.625,-57.5625,167,167,167
"5385",-32.625,-57.4375,180,180,180
"5386",-32.625,-57.3125,171,169,174
"5387",-32.625,-57.1875,170,170,170
"5388",-32.625,-57.0625,170,165,180
"5389",-32.625,-55.8125,176,176,176
"5390",-32.375,-57.6875,168.5,168,169
"5391",-32.375,-57.3125,175,175,175
"5392",-32.375,-57.1875,171,171,171
"5393",-32.375,-57.0625,172,172,172
"5394",-32.375,-56.9375,164,164,164
"5395",-32.375,-55.9375,175,175,175
"5396",-32.125,-57.5625,170,170,170
"5397",-32.125,-57.0625,169,166,172
"5398",-32.125,-56.9375,169.666666666667,165,173
"5399",-32.125,-56.1875,174,174,174
"5400",-31.875,-57.5625,176.666666666667,171,180
"5401",-31.875,-57.4375,172,172,172
"5402",-31.875,-57.3125,176,176,176
"5403",-31.875,-57.0625,173,173,173
"5404",-31.875,-56.8125,170,166,174
"5405",-31.875,-56.6875,172,172,172
"5406",-31.875,-56.1875,173,173,173
"5407",-31.875,-55.9375,180,180,180
"5408",-31.625,-57.4375,175.428571428571,173,178
"5409",-31.625,-57.3125,176,174,178
"5410",-31.625,-57.1875,170.666666666667,167,173
"5411",-31.625,-57.0625,171,171,171
"5412",-31.625,-56.9375,174,174,174
"5413",-31.625,-56.8125,167.5,167,168
"5414",-31.625,-56.6875,175,175,175
"5415",-31.625,-56.5625,173,173,173
"5416",-31.625,-56.4375,176,176,176
"5417",-31.625,-56.3125,174,174,174
"5418",-31.625,-56.1875,174.5,172,177
"5419",-31.625,-56.0625,176.5,175,178
"5420",-31.625,-55.9375,179,179,179
"5421",-31.375,-57.4375,177.5,177,178
"5422",-31.375,-57.3125,178,177,179
"5423",-31.375,-57.1875,180,180,180
"5424",-31.375,-57.0625,170,170,170
"5425",-31.375,-56.9375,169,169,169
"5426",-31.375,-56.8125,175,175,175
"5427",-31.375,-56.3125,171,171,171
"5428",-31.375,-56.0625,176,176,176
"5429",-31.375,-55.9375,177,177,177
"5430",-31.375,-55.8125,178,178,178
"5431",-31.125,-57.3125,179.5,179,180
"5432",-31.125,-57.0625,168,168,168
"5433",-31.125,-56.9375,177,177,177
"5434",-31.125,-56.8125,176,176,176
"5435",-31.125,-56.5625,170,170,170
"5436",-31.125,-55.8125,179,179,179
"5437",-31.125,-55.6875,180,180,180
"5438",-30.875,-57.1875,178,178,178
"5439",-30.875,-56.8125,169,169,169
"5440",-30.625,-57.3125,179,179,179
"5441",-30.375,-57.3125,180,180,180
